0.01,122.5752518760642
0.02,122.5752518760642
0.03,0
0.04,0
0.05,0
0.06,0
0.07,101.59535148594502
0.08,101.59535148594502
0.09,0
0.1,0
0.11,0
0.12,0
0.13,101.59535148594502
0.14,0
0.15,0
0.16,0
0.17,0
0.18,0
0.19,0
0.2,0
0.21,0
0.22,0
0.23,0
0.24,0
0.25,0
0.26,101.59535148594502
0.27,101.59535148594502
0.28,101.59535148594502
0.29,0
0.3,0
0.31,101.59535148594502
0.32,101.59535148594502
0.33,101.59535148594502
0.34,101.59535148594502
0.35000000000000003,0
0.36,0
0.37,101.59535148594502
0.38,0
0.39,0
0.4,0
0.41000000000000003,0
0.42,0
0.43,0
0.44,0
0.45,0
0.46,0
0.47000000000000003,0
0.48,0
0.49,0
0.5,0
0.51,0
0.52,0
0.53,0
0.54,0
0.55,0
0.56,0
0.5700000000000001,0
0.58,0
0.59,0
0.6,0
0.61,0
0.62,0
0.63,0
0.64,0
0.65,0
0.66,0
0.67,0
0.68,0
0.6900000000000001,0
0.7000000000000001,0
0.71,0
0.72,0
0.73,0
0.74,0
0.75,0
0.76,0
0.77,0
0.78,0
0.79,0
0.8,0
0.81,0
0.8200000000000001,0
0.8300000000000001,0
0.84,0
0.85,0
0.86,0
0.87,0
0.88,0
0.89,0
0.9,0
0.91,0
0.92,0
0.93,0
0.9400000000000001,0
0.9500000000000001,0
0.96,0
0.97,0
0.98,0
0.99,0
1.0,0
1.01,0
1.02,0
1.03,0
1.04,0
1.05,0
1.06,0
1.07,0
1.08,0
1.09,0
1.1,0
1.11,0
1.12,0
1.1300000000000001,0
1.1400000000000001,0
1.1500000000000001,0
1.16,0
1.17,0
1.18,0
1.19,0
1.2,0
1.21,0
1.22,0
1.23,0
1.24,0
1.25,0
1.26,0
1.27,0
1.28,0
1.29,0
1.3,0
1.31,0
1.32,0
1.33,0
1.34,0
1.35,0
1.36,0
1.37,0
1.3800000000000001,0
1.3900000000000001,0
1.4000000000000001,0
1.41,0
1.42,0
1.43,0
1.44,0
1.45,0
1.46,0
1.47,0
1.48,0
1.49,0
1.5,0
1.51,0
1.52,0
1.53,0
1.54,0
1.55,0
1.56,0
1.57,0
1.58,0
1.59,0
1.6,0
1.61,0
1.62,0
1.6300000000000001,0
1.6400000000000001,0
1.6500000000000001,0
1.6600000000000001,0
1.67,0
1.68,0
1.69,0
1.7,0
1.71,0
1.72,0
1.73,0
1.74,0
1.75,0
1.76,0
1.77,0
1.78,0
1.79,0
1.8,0
1.81,0
1.82,0
1.83,0
1.84,0
1.85,0
1.86,0
1.87,0
1.8800000000000001,0
1.8900000000000001,0
1.9000000000000001,0
1.9100000000000001,0
1.92,0
1.93,0
1.94,0
1.95,0
1.96,0
1.97,0
1.98,0
1.99,0
2.0,0
2.0100000000000002,0
2.02,0
2.0300000000000002,0
2.04,0
2.05,0
2.06,0
2.07,0
2.08,0
2.09,0
2.1,0
2.11,0
2.12,0
2.13,0
2.14,0
2.15,0
2.16,0
2.17,0
2.18,0
2.19,0
2.2,0
2.21,0
2.22,0
2.23,0
2.24,0
2.25,0
2.2600000000000002,0
2.27,0
2.2800000000000002,0
2.29,0
2.3000000000000003,0
2.31,0
2.32,0
2.33,0
2.34,0
2.35,0
2.36,0
2.37,0
2.38,0
2.39,0
2.4,0
2.41,0
2.42,0
2.43,0
2.44,0
2.45,0
2.46,0
2.47,0
2.48,0
2.49,0
2.5,0
2.5100000000000002,0
2.52,0
2.5300000000000002,0
2.54,0
2.5500000000000003,0
2.56,0
2.57,0
2.58,0
2.59,0
2.6,0
2.61,0
2.62,0
2.63,0
2.64,0
2.65,0
2.66,0
2.67,0
2.68,0
2.69,0
2.7,0
2.71,0
2.72,0
2.73,0
2.74,0
2.75,0
2.7600000000000002,0
2.77,0
2.7800000000000002,0
2.79,0
2.8000000000000003,0
2.81,0
2.82,0
2.83,0
2.84,0
2.85,0
2.86,0
2.87,0
2.88,0
2.89,0
2.9,0
2.91,0
2.92,0
2.93,0
2.94,0
2.95,0
2.96,0
2.97,0
2.98,0
2.99,0
3.0,0
3.0100000000000002,0
3.02,0
3.0300000000000002,0
3.04,0
3.0500000000000003,0
3.06,0
3.0700000000000003,0
3.08,0
3.09,0
3.1,0
3.11,0
3.12,0
3.13,0
3.14,0
3.15,0
3.16,0
3.17,0
3.18,0
3.19,0
3.2,0
3.21,0
3.22,0
3.23,0
3.24,0
3.25,0
3.2600000000000002,0
3.27,0
3.2800000000000002,0
3.29,0
3.3000000000000003,0
3.31,0
3.3200000000000003,0
3.33,0
3.34,0
3.35,0
3.36,0
3.37,0
3.38,0
3.39,0
3.4,0
3.41,0
3.42,0
3.43,0
3.44,0
3.45,0
3.46,0
3.47,0
3.48,0
3.49,0
3.5,0
3.5100000000000002,0
3.52,0
3.5300000000000002,0
3.54,0
3.5500000000000003,0
3.56,0
3.5700000000000003,0
3.58,0
3.59,0
3.6,0
3.61,0
3.62,0
3.63,0
3.64,0
3.65,0
3.66,0
3.67,0
3.68,0
3.69,0
3.7,0
3.71,0
3.72,0
3.73,0
3.74,0
3.75,0
3.7600000000000002,0
3.77,0
3.7800000000000002,0
3.79,0
3.8000000000000003,0
3.81,0
3.8200000000000003,0
3.83,0
3.84,0
3.85,0
3.86,0
3.87,0
3.88,0
3.89,0
3.9,0
3.91,0
3.92,0
3.93,0
3.94,0
3.95,0
3.96,0
3.97,0
3.98,0
3.99,0
4.0,0
4.01,0
4.0200000000000005,0
4.03,0
4.04,0
4.05,0
4.0600000000000005,0
4.07,0
4.08,0
4.09,0
4.1,0
4.11,0
4.12,0
4.13,0
4.14,0
4.15,0
4.16,0
4.17,0
4.18,0
4.19,0
4.2,0
4.21,0
4.22,0
4.23,0
4.24,0
4.25,0
4.26,0
4.2700000000000005,0
4.28,0
4.29,0
4.3,0
4.3100000000000005,0
4.32,0
4.33,0
4.34,0
4.3500000000000005,0
4.36,0
4.37,0
4.38,0
4.39,0
4.4,0
4.41,0
4.42,0
4.43,0
4.44,0
4.45,0
4.46,0
4.47,0
4.48,0
4.49,0
4.5,0
4.51,0
4.5200000000000005,0
4.53,0
4.54,0
4.55,0
4.5600000000000005,0
4.57,0
4.58,0
4.59,0
4.6000000000000005,0
4.61,0
4.62,0
4.63,0
4.64,0
4.65,0
4.66,0
4.67,124.35814996965287
4.68,0
4.69,0
4.7,0
4.71,0
4.72,0
4.73,0
4.74,0
4.75,0
4.76,0
4.7700000000000005,0
4.78,0
4.79,0
4.8,0
4.8100000000000005,0
4.82,0
4.83,0
4.84,0
4.8500000000000005,0
4.86,0
4.87,0
4.88,0
4.89,0
4.9,0
4.91,0
4.92,0
4.93,0
4.94,0
4.95,119.94871698927936
4.96,0
4.97,0
4.98,0
4.99,229.72656980903736
5.0,228.07385265524908
5.01,233.06801971095814
5.0200000000000005,233.06801971095814
5.03,236.45807212087942
5.04,346.69516722885635
5.05,233.06801971095814
5.0600000000000005,233.06801971095814
5.07,231.3912632326111
5.08,231.3912632326111
5.09,231.3912632326111
5.1000000000000005,233.06801971095814
5.11,233.06801971095814
5.12,0
5.13,0
5.14,0
5.15,0
5.16,0
5.17,0
5.18,0
5.19,0
5.2,0
5.21,0
5.22,0
5.23,0
5.24,0
5.25,0
5.26,0
5.2700000000000005,0
5.28,0
5.29,0
5.3,0
5.3100000000000005,0
5.32,0
5.33,0
5.34,0
5.3500000000000005,0
5.36,0
5.37,0
5.38,0
5.39,0
5.4,0
5.41,0
5.42,0
5.43,0
5.44,0
5.45,0
5.46,0
5.47,0
5.48,0
5.49,0
5.5,0
5.51,0
5.5200000000000005,0
5.53,0
5.54,0
5.55,0
5.5600000000000005,0
5.57,0
5.58,0
5.59,0
5.6000000000000005,0
5.61,136.59623566103824
5.62,139.58730373890074
5.63,139.58730373890074
5.64,139.58730373890074
5.65,136.59623566103824
5.66,136.59623566103824
5.67,456.14770531049817
5.68,456.14770531049817
5.69,456.14770531049817
5.7,456.14770531049817
5.71,456.14770531049817
5.72,456.14770531049817
5.73,456.14770531049817
5.74,456.14770531049817
5.75,456.14770531049817
5.76,456.14770531049817
5.7700000000000005,456.14770531049817
5.78,456.14770531049817
5.79,456.14770531049817
5.8,456.14770531049817
5.8100000000000005,456.14770531049817
5.82,456.14770531049817
5.83,456.14770531049817
5.84,456.14770531049817
5.8500000000000005,456.14770531049817
5.86,456.14770531049817
5.87,456.14770531049817
5.88,456.14770531049817
5.89,0
5.9,0
5.91,0
5.92,0
5.93,0
5.94,0
5.95,0
5.96,0
5.97,160.1123278938524
5.98,160.1123278938524
5.99,160.1123278938524
6.0,169.63310235549096
6.01,169.63310235549096
6.0200000000000005,173.34758361442815
6.03,0
6.04,0
6.05,0
6.0600000000000005,0
6.07,0
6.08,0
6.09,0
6.1000000000000005,0
6.11,0
6.12,0
6.13,0
6.140000000000001,0
6.15,0
6.16,0
6.17,0
6.18,0
6.19,0
6.2,130.80500340008572
6.21,136.59623566103824
6.22,133.66926000423965
6.23,133.66926000423965
6.24,0
6.25,0
6.26,0
6.2700000000000005,0
6.28,0
6.29,0
6.3,0
6.3100000000000005,0
6.32,0
6.33,0
6.34,0
6.3500000000000005,0
6.36,0
6.37,0
6.38,0
6.390000000000001,0
6.4,0
6.41,0
6.42,0
6.43,0
6.44,0
6.45,0
6.46,0
6.47,0
6.48,0
6.49,0
6.5,0
6.51,0
6.5200000000000005,0
6.53,0
6.54,0
6.55,0
6.5600000000000005,0
6.57,0
6.58,0
6.59,0
6.6000000000000005,0
6.61,0
6.62,0
6.63,0
6.640000000000001,0
6.65,0
6.66,0
6.67,0
6.68,0
6.69,0
6.7,0
6.71,0
6.72,0
6.73,0
6.74,0
6.75,0
6.76,0
6.7700000000000005,0
6.78,0
6.79,0
6.8,271.2270483237044
6.8100000000000005,291.5347233085324
6.82,291.5347233085324
6.83,570.5754707163953
6.84,570.5754707163953
6.8500000000000005,346.69516722885635
6.86,346.69516722885635
6.87,346.69516722885635
6.88,346.69516722885635
6.890000000000001,346.69516722885635
6.9,346.69516722885635
6.91,346.69516722885635
6.92,0
6.93,0
6.94,0
6.95,0
6.96,0
6.97,0
6.98,0
6.99,0
7.0,0
7.01,0
7.0200000000000005,0
7.03,0
7.04,0
7.05,0
7.0600000000000005,221.58103279653565
7.07,0
7.08,0
7.09,0
7.1000000000000005,0
7.11,231.3912632326111
7.12,0
7.13,221.58103279653565
7.140000000000001,221.58103279653565
7.15,221.58103279653565
7.16,221.58103279653565
7.17,221.58103279653565
7.18,0
7.19,0
7.2,0
7.21,0
7.22,0
7.23,0
7.24,0
7.25,0
7.26,0
7.2700000000000005,0
7.28,0
7.29,0
7.3,0
7.3100000000000005,0
7.32,0
7.33,0
7.34,0
7.3500000000000005,0
7.36,0
7.37,421.3203866928548
7.38,0
7.390000000000001,0
7.4,110.79051639826783
7.41,231.3912632326111
7.42,233.06801971095814
7.43,229.72656980903736
7.44,233.06801971095814
7.45,233.06801971095814
7.46,231.3912632326111
7.47,231.3912632326111
7.48,231.3912632326111
7.49,231.3912632326111
7.5,0
7.51,0
7.5200000000000005,0
7.53,0
7.54,0
7.55,0
7.5600000000000005,0
7.57,0
7.58,0
7.59,0
7.6000000000000005,0
7.61,0
7.62,0
7.63,0
7.640000000000001,0
7.65,0
7.66,0
7.67,0
7.68,0
7.69,0
7.7,0
7.71,0
7.72,0
7.73,0
7.74,0
7.75,0
7.76,0
7.7700000000000005,0
7.78,0
7.79,0
7.8,0
7.8100000000000005,0
7.82,0
7.83,0
7.84,0
7.8500000000000005,0
7.86,0
7.87,0
7.88,0
7.890000000000001,0
7.9,0
7.91,0
7.92,0
7.930000000000001,0
7.94,0
7.95,0
7.96,0
7.97,0
7.98,0
7.99,0
8.0,136.59623566103824
8.01,136.59623566103824
8.02,136.59623566103824
8.03,0
8.040000000000001,0
8.05,0
8.06,0
8.07,0
8.08,0
8.09,0
8.1,456.14770531049817
8.11,456.14770531049817
8.120000000000001,456.14770531049817
8.13,456.14770531049817
8.14,456.14770531049817
8.15,456.14770531049817
8.16,389.15216754666267
8.17,0
8.18,0
8.19,0
8.2,0
8.21,0
8.22,0
8.23,0
8.24,0
8.25,0
8.26,0
8.27,0
8.28,0
8.290000000000001,0
8.3,0
8.31,0
8.32,0
8.33,0
8.34,0
8.35,0
8.36,0
8.370000000000001,0
8.38,0
8.39,0
8.4,161.27256782386812
8.41,168.4127144032124
8.42,161.27256782386812
8.43,153.3240904714388
8.44,175.8689822787104
8.45,161.27256782386812
8.46,161.27256782386812
8.47,190.40671953101793
8.48,190.40671953101793
8.49,0
8.5,0
8.51,0
8.52,0
8.53,0
8.540000000000001,0
8.55,0
8.56,0
8.57,0
8.58,0
8.59,0
8.6,133.66926000423965
8.61,128.0021219086105
8.620000000000001,0
8.63,0
8.64,0
8.65,0
8.66,0
8.67,0
8.68,0
8.69,0
8.700000000000001,0
8.71,0
8.72,0
8.73,0
8.74,0
8.75,0
8.76,0
8.77,0
8.78,0
8.790000000000001,0
8.8,0
8.81,0
8.82,0
8.83,0
8.84,0
8.85,0
8.86,0
8.870000000000001,0
8.88,0
8.89,0
8.9,0
8.91,0
8.92,0
8.93,0
8.94,0
8.950000000000001,0
8.96,0
8.97,0
8.98,0
8.99,0
9.0,0
9.01,0
9.02,0
9.03,0
9.040000000000001,0
9.05,0
9.06,0
9.07,0
9.08,0
9.09,0
9.1,0
9.11,0
9.120000000000001,0
9.13,0
9.14,0
9.15,0
9.16,0
9.17,0
9.18,0
9.19,0
9.200000000000001,0
9.21,271.2270483237044
9.22,279.17460747780154
9.23,275.1721365856887
9.24,123.46348267958248
9.25,123.46348267958248
9.26,123.46348267958248
9.27,123.46348267958248
9.28,190.40671953101793
9.290000000000001,190.40671953101793
9.3,190.40671953101793
9.31,168.4127144032124
9.32,0
9.33,0
9.34,0
9.35,163.61833133910076
9.36,163.61833133910076
9.370000000000001,163.61833133910076
9.38,163.61833133910076
9.39,163.61833133910076
9.4,160.1123278938524
9.41,160.1123278938524
9.42,163.61833133910076
9.43,163.61833133910076
9.44,160.1123278938524
9.450000000000001,160.1123278938524
9.46,160.1123278938524
9.47,151.12591344267588
9.48,0
9.49,0
9.5,231.3912632326111
9.51,261.61000680017145
9.52,261.61000680017145
9.53,261.61000680017145
9.540000000000001,261.61000680017145
9.55,261.61000680017145
9.56,0
9.57,0
9.58,0
9.59,0
9.6,0
9.61,0
9.620000000000001,163.61833133910076
9.63,163.61833133910076
9.64,136.59623566103824
9.65,0
9.66,0
9.67,0
9.68,133.66926000423965
9.69,133.66926000423965
9.700000000000001,0
9.71,0
9.72,0
9.73,0
9.74,136.59623566103824
9.75,136.59623566103824
9.76,0
9.77,0
9.78,0
9.790000000000001,0
9.8,118.22903606043971
9.81,228.07385265524908
9.82,233.06801971095814
9.83,236.45807212087942
9.84,233.06801971095814
9.85,233.06801971095814
9.86,233.06801971095814
9.870000000000001,231.3912632326111
9.88,231.3912632326111
9.89,0
9.9,0
9.91,0
9.92,0
9.93,0
9.94,0
9.950000000000001,0
9.96,0
9.97,0
9.98,0
9.99,0
10.0,0
10.01,0
10.02,0
10.03,0
10.040000000000001,0
10.05,0
10.06,0
10.07,0
10.08,0
10.09,0
10.1,0
10.11,0
10.120000000000001,0
10.13,0
10.14,0
10.15,0
10.16,0
10.17,0
10.18,0
10.19,0
10.200000000000001,0
10.21,0
10.22,0
10.23,0
10.24,0
10.25,0
10.26,0
10.27,0
10.28,0
10.290000000000001,0
10.3,0
10.31,0
10.32,0
10.33,0
10.34,0
10.35,0
10.36,0
10.370000000000001,0
10.38,0
10.39,0
10.4,145.76736165426618
10.41,139.58730373890074
10.42,0
10.43,0
10.44,0
10.450000000000001,0
10.46,0
10.47,0
10.48,0
10.49,0
10.5,0
10.51,0
10.52,0
10.53,0
10.540000000000001,0
10.55,0
10.56,0
10.57,0
10.58,0
10.59,0
10.6,0
10.61,0
10.620000000000001,0
10.63,0
10.64,0
10.65,0
10.66,0
10.67,0
10.68,0
10.69,0
10.700000000000001,0
10.71,0
10.72,0
10.73,0
10.74,0
10.75,0
10.76,0
10.77,0
10.78,0
10.790000000000001,0
10.8,0
10.81,0
10.82,0
10.83,0
10.84,0
10.85,0
10.86,0
10.870000000000001,0
10.88,0
10.89,0
10.9,0
10.91,0
10.92,0
10.93,0
10.94,0
10.950000000000001,0
10.96,0
10.97,0
10.98,0
10.99,139.58730373890074
11.0,128.0021219086105
11.01,139.58730373890074
11.02,0
11.03,0
11.040000000000001,0
11.05,0
11.06,116.5340098554791
11.07,0
11.08,0
11.09,0
11.1,0
11.11,0
11.120000000000001,0
11.13,0
11.14,0
11.15,0
11.16,0
11.17,0
11.18,0
11.19,0
11.200000000000001,0
11.21,0
11.22,0
11.23,0
11.24,0
11.25,0
11.26,0
11.27,0
11.28,0
11.290000000000001,0
11.3,0
11.31,0
11.32,0
11.33,0
11.34,0
11.35,0
11.36,0
11.370000000000001,0
11.38,0
11.39,0
11.4,0
11.41,0
11.42,0
11.43,0
11.44,0
11.450000000000001,0
11.46,0
11.47,0
11.48,0
11.49,0
11.5,0
11.51,0
11.52,0
11.53,0
11.540000000000001,0
11.55,0
11.56,0
11.57,0
11.58,0
11.59,0
11.6,291.5347233085324
11.61,0
11.620000000000001,0
11.63,0
11.64,0
11.65,0
11.66,0
11.67,0
11.68,0
11.69,0
11.700000000000001,0
11.71,0
11.72,0
11.73,0
11.74,0
11.75,0
11.76,0
11.77,0
11.78,0
11.790000000000001,0
11.8,0
11.81,0
11.82,0
11.83,0
11.84,0
11.85,0
11.86,0
11.870000000000001,0
11.88,0
11.89,0
11.9,0
11.91,0
11.92,0
11.93,0
11.94,0
11.950000000000001,0
11.96,0
11.97,0
11.98,0
11.99,0
12.0,0
12.01,0
12.02,0
12.030000000000001,0
12.040000000000001,0
12.05,0
12.06,0
12.07,0
12.08,0
12.09,0
12.1,0
12.11,0
12.120000000000001,0
12.13,0
12.14,0
12.15,0
12.16,0
12.17,0
12.18,0
12.19,0
12.200000000000001,0
12.21,0
12.22,0
12.23,0
12.24,346.69516722885635
12.25,346.69516722885635
12.26,0
12.27,0
12.280000000000001,0
12.290000000000001,0
12.3,0
12.31,0
12.32,0
12.33,0
12.34,0
12.35,0
12.36,0
12.370000000000001,0
12.38,0
12.39,0
12.4,0
12.41,0
12.42,0
12.43,0
12.44,0
12.450000000000001,0
12.46,0
12.47,0
12.48,0
12.49,0
12.5,0
12.51,0
12.52,0
12.530000000000001,0
12.540000000000001,0
12.55,0
12.56,0
12.57,0
12.58,0
12.59,0
12.6,0
12.61,0
12.620000000000001,0
12.63,0
12.64,0
12.65,0
12.66,0
12.67,0
12.68,0
12.69,0
12.700000000000001,0
12.71,0
12.72,0
12.73,0
12.74,0
12.75,0
12.76,0
12.77,0
12.780000000000001,0
12.790000000000001,0
12.8,0
12.81,136.59623566103824
12.82,0
12.83,0
12.84,0
12.85,0
12.86,0
12.870000000000001,0
12.88,0
12.89,0
12.9,160.1123278938524
12.91,0
12.92,389.15216754666267
12.93,0
12.94,389.15216754666267
12.950000000000001,389.15216754666267
12.96,0
12.97,0
12.98,0
12.99,0
13.0,0
13.01,0
13.02,0
13.030000000000001,0
13.040000000000001,0
13.05,0
13.06,0
13.07,0
13.08,0
13.09,0
13.1,0
13.11,0
13.120000000000001,0
13.13,0
13.14,0
13.15,0
13.16,0
13.17,0
13.18,0
13.19,168.4127144032124
13.200000000000001,168.4127144032124
13.21,168.4127144032124
13.22,168.4127144032124
13.23,168.4127144032124
13.24,169.63310235549096
13.25,190.40671953101793
13.26,190.40671953101793
13.27,190.40671953101793
13.280000000000001,190.40671953101793
13.290000000000001,0
13.3,0
13.31,0
13.32,0
13.33,0
13.34,0
13.35,0
13.36,0
13.370000000000001,0
13.38,0
13.39,0
13.4,0
13.41,0
13.42,0
13.43,0
13.44,123.46348267958248
13.450000000000001,0
13.46,0
13.47,0
13.48,0
13.49,0
13.5,0
13.51,0
13.52,0
13.530000000000001,0
13.540000000000001,0
13.55,0
13.56,0
13.57,0
13.58,0
13.59,0
13.6,0
13.61,0
13.620000000000001,0
13.63,0
13.64,0
13.65,0
13.66,0
13.67,0
13.68,0
13.69,0
13.700000000000001,0
13.71,0
13.72,0
13.73,0
13.74,0
13.75,0
13.76,0
13.77,0
13.780000000000001,0
13.790000000000001,0
13.8,0
13.81,0
13.82,0
13.83,0
13.84,0
13.85,0
13.86,0
13.870000000000001,0
13.88,0
13.89,0
13.9,0
13.91,0
13.92,0
13.93,0
13.94,0
13.950000000000001,0
13.96,0
13.97,0
13.98,0
13.99,0
14.0,0
14.01,271.2270483237044
14.02,279.17460747780154
14.030000000000001,285.28773535819766
14.040000000000001,285.28773535819766
14.05,386.35249808190343
14.06,233.06801971095814
14.07,233.06801971095814
14.08,190.40671953101793
14.09,0
14.1,172.10047264574283
14.11,0
14.120000000000001,0
14.13,0
14.14,0
14.15,0
14.16,0
14.17,0
14.18,190.40671953101793
14.19,190.40671953101793
14.200000000000001,0
14.21,0
14.22,163.61833133910076
14.23,163.61833133910076
14.24,160.1123278938524
14.25,160.1123278938524
14.26,160.1123278938524
14.27,151.12591344267588
14.280000000000001,0
14.290000000000001,0
14.3,0
14.31,163.61833133910076
14.32,163.61833133910076
14.33,163.61833133910076
14.34,163.61833133910076
14.35,163.61833133910076
14.36,163.61833133910076
14.370000000000001,163.61833133910076
14.38,163.61833133910076
14.39,163.61833133910076
14.4,163.61833133910076
14.41,163.61833133910076
14.42,163.61833133910076
14.43,163.61833133910076
14.44,163.61833133910076
14.450000000000001,160.1123278938524
14.46,163.61833133910076
14.47,163.61833133910076
14.48,163.61833133910076
14.49,163.61833133910076
14.5,200.27759822522142
14.51,160.1123278938524
14.52,0
14.530000000000001,0
14.540000000000001,0
14.55,456.14770531049817
14.56,456.14770531049817
14.57,456.14770531049817
14.58,0
14.59,0
14.6,0
14.61,117.37846332897307
14.620000000000001,229.72656980903736
14.63,233.06801971095814
14.64,115.69563161630555
14.65,234.75692665794614
14.66,359.440023054631
14.67,354.28680284333046
14.68,354.28680284333046
14.69,231.3912632326111
14.700000000000001,0
14.71,0
14.72,339.266204710982
14.73,339.266204710982
14.74,0
14.75,115.69563161630555
14.76,116.5340098554791
14.77,116.5340098554791
14.780000000000001,0
14.790000000000001,0
14.8,0
14.81,0
14.82,0
14.83,0
14.84,0
14.85,0
14.86,0
14.870000000000001,0
14.88,0
14.89,0
14.9,0
14.91,0
14.92,0
14.93,0
14.94,0
14.950000000000001,0
14.96,0
14.97,0
14.98,0
14.99,0
15.0,0
15.01,0
15.02,0
15.030000000000001,0
15.040000000000001,0
15.05,0
15.06,0
15.07,0
15.08,0
15.09,0
15.1,0
15.11,0
15.120000000000001,0
15.13,0
15.14,0
15.15,0
15.16,0
15.17,0
15.18,346.69516722885635
15.19,346.69516722885635
15.200000000000001,346.69516722885635
15.21,163.61833133910076
15.22,0
15.23,456.14770531049817
15.24,456.14770531049817
15.25,456.14770531049817
15.26,456.14770531049817
15.27,221.58103279653565
15.280000000000001,163.61833133910076
15.290000000000001,163.61833133910076
15.3,456.14770531049817
15.31,0
15.32,0
15.33,0
15.34,0
15.35,0
15.36,0
15.370000000000001,0
15.38,0
15.39,0
15.4,0
15.41,0
15.42,0
15.43,0
15.44,0
15.450000000000001,0
15.46,0
15.47,0
15.48,0
15.49,0
15.5,0
15.51,0
15.52,0
15.530000000000001,0
15.540000000000001,0
15.55,0
15.56,0
15.57,0
15.58,161.27256782386812
15.59,164.80397721533848
15.6,175.8689822787104
15.610000000000001,175.8689822787104
15.620000000000001,0
15.63,0
15.64,0
15.65,0
15.66,0
15.67,0
15.68,0
15.69,0
15.700000000000001,0
15.71,0
15.72,0
15.73,0
15.74,0
15.75,0
15.76,0
15.77,469.5138533158923
15.780000000000001,469.5138533158923
15.790000000000001,0
15.8,364.66819857991186
15.81,364.66819857991186
15.82,0
15.83,0
15.84,364.66819857991186
15.85,231.3912632326111
15.860000000000001,0
15.870000000000001,0
15.88,0
15.89,0
15.9,0
15.91,0
15.92,0
15.93,254.16247773177858
15.94,0
15.950000000000001,0
15.96,0
15.97,0
15.98,0
15.99,0
16.0,0
16.01,0
16.02,0
16.03,0
16.04,0
16.05,0
16.06,0
16.07,0
16.080000000000002,0
16.09,0
16.1,0
16.11,0
16.12,0
16.13,0
16.14,0
16.15,0
16.16,0
16.17,0
16.18,0
16.19,0
16.2,0
16.21,0
16.22,0
16.23,0
16.240000000000002,0
16.25,0
16.26,0
16.27,0
16.28,0
16.29,0
16.3,0
16.31,0
16.32,0
16.330000000000002,0
16.34,210.6601933464274
16.35,275.1721365856887
16.36,320.2246557877048
16.37,281.19762176597635
16.38,281.19762176597635
16.39,285.28773535819766
16.4,285.28773535819766
16.41,269.2757651277356
16.42,570.5754707163953
16.43,241.63582967657618
16.44,123.46348267958248
16.45,0
16.46,234.75692665794614
16.47,380.81343906203585
16.48,380.81343906203585
16.490000000000002,389.15216754666267
16.5,0
16.51,0
16.52,0
16.53,0
16.54,228.07385265524908
16.55,228.07385265524908
16.56,228.07385265524908
16.57,228.07385265524908
16.580000000000002,162.4412153306951
16.59,162.4412153306951
16.6,226.4330256106141
16.61,231.3912632326111
16.62,228.07385265524908
16.63,231.3912632326111
16.64,231.3912632326111
16.65,228.07385265524908
16.66,231.3912632326111
16.67,229.72656980903736
16.68,231.3912632326111
16.69,231.3912632326111
16.7,231.3912632326111
16.71,231.3912632326111
16.72,231.3912632326111
16.73,231.3912632326111
16.740000000000002,221.58103279653565
16.75,221.58103279653565
16.76,224.80400313436365
16.77,224.80400313436365
16.78,224.80400313436365
16.79,231.3912632326111
16.8,224.80400313436365
16.81,224.80400313436365
16.82,221.58103279653565
16.830000000000002,0
16.84,0
16.85,0
16.86,0
16.87,0
16.88,0
16.89,0
16.9,0
16.91,0
16.92,0
16.93,0
16.94,0
16.95,0
16.96,0
16.97,152.22103410916532
16.98,0
16.990000000000002,0
17.0,229.72656980903736
17.01,339.266204710982
17.02,351.73796455742075
17.03,234.75692665794614
17.04,359.440023054631
17.05,0
17.06,0
17.07,0
17.080000000000002,0
17.09,0
17.1,0
17.11,0
17.12,0
17.13,0
17.14,0
17.150000000000002,0
17.16,0
17.17,291.5347233085324
17.18,456.14770531049817
17.19,456.14770531049817
17.2,456.14770531049817
17.21,456.14770531049817
17.22,456.14770531049817
17.23,570.5754707163953
17.240000000000002,570.5754707163953
17.25,0
17.26,570.5754707163953
17.27,0
17.28,0
17.29,0
17.3,456.14770531049817
17.31,456.14770531049817
17.32,456.14770531049817
17.330000000000002,346.69516722885635
17.34,0
17.35,0
17.36,0
17.37,0
17.38,346.69516722885635
17.39,346.69516722885635
17.400000000000002,346.69516722885635
17.41,0
17.42,0
17.43,0
17.44,346.69516722885635
17.45,346.69516722885635
17.46,346.69516722885635
17.47,346.69516722885635
17.48,346.69516722885635
17.490000000000002,346.69516722885635
17.5,0
17.51,0
17.52,0
17.53,0
17.54,346.69516722885635
17.55,283.2352956496178
17.56,285.28773535819766
17.57,285.28773535819766
17.580000000000002,346.69516722885635
17.59,259.72791128896995
17.6,259.72791128896995
17.61,257.8593560989382
17.62,267.3385200084793
17.63,0
17.64,0
17.650000000000002,275.1721365856887
17.66,279.17460747780154
17.67,456.14770531049817
17.68,456.14770531049817
17.69,456.14770531049817
17.7,456.14770531049817
17.71,456.14770531049817
17.72,456.14770531049817
17.73,456.14770531049817
17.740000000000002,456.14770531049817
17.75,456.14770531049817
17.76,456.14770531049817
17.77,456.14770531049817
17.78,456.14770531049817
17.79,456.14770531049817
17.8,456.14770531049817
17.81,456.14770531049817
17.82,456.14770531049817
17.830000000000002,456.14770531049817
17.84,456.14770531049817
17.85,456.14770531049817
17.86,456.14770531049817
17.87,456.14770531049817
17.88,456.14770531049817
17.89,456.14770531049817
17.900000000000002,456.14770531049817
17.91,0
17.92,233.06801971095814
17.93,0
17.94,0
17.95,291.5347233085324
17.96,291.5347233085324
17.97,291.5347233085324
17.98,291.5347233085324
17.990000000000002,161.27256782386812
18.0,161.27256782386812
18.01,163.61833133910076
18.02,163.61833133910076
18.03,163.61833133910076
18.04,163.61833133910076
18.05,0
18.06,0
18.07,0
18.080000000000002,0
18.09,0
18.1,0
18.11,0
18.12,0
18.13,0
18.14,0
18.150000000000002,0
18.16,0
18.17,0
18.18,0
18.19,0
18.2,0
18.21,0
18.22,0
18.23,0
18.240000000000002,0
18.25,0
18.26,229.72656980903736
18.27,229.72656980903736
18.28,229.72656980903736
18.29,0
18.3,229.72656980903736
18.31,0
18.32,0
18.330000000000002,456.14770531049817
18.34,229.72656980903736
18.35,229.72656980903736
18.36,152.22103410916532
18.37,152.22103410916532
18.38,456.14770531049817
18.39,0
18.400000000000002,0
18.41,0
18.42,456.14770531049817
18.43,224.80400313436365
18.44,306.6481809428776
18.45,0
18.46,306.6481809428776
18.47,306.6481809428776
18.48,306.6481809428776
18.490000000000002,0
18.5,0
18.51,0
18.52,0
18.53,0
18.54,0
18.55,0
18.56,0
18.57,0
18.580000000000002,0
18.59,0
18.6,0
18.61,0
18.62,0
18.63,313.3629017454983
18.64,311.1084814426742
18.650000000000002,313.3629017454983
18.66,0
18.67,313.3629017454983
18.68,0
18.69,313.3629017454983
18.7,389.15216754666267
18.71,389.15216754666267
18.72,389.15216754666267
18.73,0
18.740000000000002,304.4420682183307
18.75,302.25182688535176
18.76,0
18.77,0
18.78,291.5347233085324
18.79,279.17460747780154
18.8,279.17460747780154
18.81,0
18.82,161.27256782386812
18.830000000000002,443.1620655930713
18.84,0
18.85,287.35504789097007
18.86,287.35504789097007
18.87,287.35504789097007
18.88,291.5347233085324
18.89,0
18.900000000000002,187.67689621552822
18.91,0
18.92,0
18.93,163.61833133910076
18.94,163.61833133910076
18.95,163.61833133910076
18.96,163.61833133910076
18.97,221.58103279653565
18.98,221.58103279653565
18.990000000000002,224.80400313436365
19.0,224.80400313436365
19.01,224.80400313436365
19.02,224.80400313436365
19.03,221.58103279653565
19.04,221.58103279653565
19.05,229.72656980903736
19.06,223.18670030113336
19.07,160.1123278938524
19.080000000000002,160.1123278938524
19.09,157.8168292535811
19.1,157.8168292535811
19.11,221.58103279653565
19.12,221.58103279653565
19.13,221.58103279653565
19.14,221.58103279653565
19.150000000000002,221.58103279653565
19.16,221.58103279653565
19.17,155.55424072133707
19.18,155.55424072133707
19.19,155.55424072133707
19.2,155.55424072133707
19.21,153.3240904714388
19.22,153.3240904714388
19.23,155.55424072133707
19.240000000000002,456.14770531049817
19.25,155.55424072133707
19.26,155.55424072133707
19.27,456.14770531049817
19.28,190.40671953101793
19.29,190.40671953101793
19.3,155.55424072133707
19.31,0
19.32,0
19.330000000000002,0
19.34,456.14770531049817
19.35,0
19.36,443.1620655930713
19.37,449.6080062687273
19.38,229.72656980903736
19.39,231.3912632326111
19.400000000000002,271.2270483237044
19.41,334.4022125259431
19.42,334.4022125259431
19.43,334.4022125259431
19.44,334.4022125259431
19.45,339.266204710982
19.46,339.266204710982
19.47,339.266204710982
19.48,339.266204710982
19.490000000000002,339.266204710982
19.5,339.266204710982
19.51,346.69516722885635
19.52,339.266204710982
19.53,339.266204710982
19.54,339.266204710982
19.55,344.2009452914856
19.56,0
19.57,0
19.580000000000002,346.69516722885635
19.59,346.69516722885635
19.6,346.69516722885635
19.61,346.69516722885635
19.62,346.69516722885635
19.63,0
19.64,0
19.650000000000002,0
19.66,0
19.67,0
19.68,0
19.69,0
19.7,346.69516722885635
19.71,346.69516722885635
19.72,346.69516722885635
19.73,346.69516722885635
19.740000000000002,346.69516722885635
19.75,0
19.76,0
19.77,122.5752518760642
19.78,0
19.79,0
19.8,0
19.81,0
19.82,0
19.830000000000002,0
19.84,0
19.85,0
19.86,0
19.87,122.5752518760642
19.88,122.5752518760642
19.89,116.5340098554791
19.900000000000002,119.94871698927936
19.91,119.94871698927936
19.92,0
19.93,0
19.94,113.21651280530705
19.95,0
19.96,116.5340098554791
19.97,0
19.98,0
19.990000000000002,163.61833133910076
20.0,163.61833133910076
20.01,163.61833133910076
20.02,267.3385200084793
20.03,0
20.04,0
20.05,0
20.06,0
20.07,0
20.080000000000002,0
20.09,0
20.1,0
20.11,0
20.12,0
20.13,0
20.14,0
20.150000000000002,0
20.16,0
20.17,0
20.18,0
20.19,0
20.2,0
20.21,0
20.22,0
20.23,0
20.240000000000002,0
20.25,0
20.26,0
20.27,0
20.28,0
20.29,0
20.3,0
20.31,0
20.32,0
20.330000000000002,0
20.34,0
20.35,0
20.36,0
20.37,0
20.38,0
20.39,0
20.400000000000002,0
20.41,0
20.42,0
20.43,0
20.44,0
20.45,0
20.46,119.94871698927936
20.47,0
20.48,0
20.490000000000002,119.94871698927936
20.5,119.94871698927936
20.51,119.94871698927936
20.52,119.94871698927936
20.53,0
20.54,346.69516722885635
20.55,119.08577239254483
20.56,0
20.57,0
20.580000000000002,0
20.59,0
20.6,327.2366626782015
20.61,327.2366626782015
20.62,367.3107346716974
20.63,367.3107346716974
20.64,372.6533923336452
20.650000000000002,372.6533923336452
20.66,380.81343906203585
20.67,380.81343906203585
20.68,380.81343906203585
20.69,380.81343906203585
20.7,380.81343906203585
20.71,380.81343906203585
20.72,380.81343906203585
20.73,380.81343906203585
20.740000000000002,380.81343906203585
20.75,0
20.76,0
20.77,0
20.78,200.27759822522142
20.79,389.15216754666267
20.8,389.15216754666267
20.81,389.15216754666267
20.82,389.15216754666267
20.830000000000002,389.15216754666267
20.84,389.15216754666267
20.85,389.15216754666267
20.86,389.15216754666267
20.87,0
20.88,389.15216754666267
20.89,389.15216754666267
20.900000000000002,389.15216754666267
20.91,389.15216754666267
20.92,389.15216754666267
20.93,389.15216754666267
20.94,389.15216754666267
20.95,389.15216754666267
20.96,389.15216754666267
20.97,389.15216754666267
20.98,389.15216754666267
20.990000000000002,389.15216754666267
21.0,389.15216754666267
21.01,389.15216754666267
21.02,389.15216754666267
21.03,389.15216754666267
21.04,389.15216754666267
21.05,389.15216754666267
21.06,389.15216754666267
21.07,389.15216754666267
21.080000000000002,389.15216754666267
21.09,389.15216754666267
21.1,389.15216754666267
21.11,389.15216754666267
21.12,389.15216754666267
21.13,389.15216754666267
21.14,386.35249808190343
21.150000000000002,386.35249808190343
21.16,380.81343906203585
21.17,380.81343906203585
21.18,283.2352956496178
21.19,0
21.2,591.5503870099463
21.21,591.5503870099463
21.22,0
21.23,0
21.240000000000002,380.81343906203585
21.25,380.81343906203585
21.26,380.81343906203585
21.27,380.81343906203585
21.28,380.81343906203585
21.29,380.81343906203585
21.3,380.81343906203585
21.31,380.81343906203585
21.32,380.81343906203585
21.330000000000002,380.81343906203585
21.34,380.81343906203585
21.35,380.81343906203585
21.36,386.35249808190343
21.37,386.35249808190343
21.38,386.35249808190343
21.39,389.15216754666267
21.400000000000002,389.15216754666267
21.41,389.15216754666267
21.42,389.15216754666267
21.43,389.15216754666267
21.44,389.15216754666267
21.45,389.15216754666267
21.46,389.15216754666267
21.47,389.15216754666267
21.48,389.15216754666267
21.490000000000002,389.15216754666267
21.5,389.15216754666267
21.51,389.15216754666267
21.52,389.15216754666267
21.53,389.15216754666267
21.54,389.15216754666267
21.55,0
21.56,389.15216754666267
21.57,389.15216754666267
21.580000000000002,389.15216754666267
21.59,389.15216754666267
21.6,389.15216754666267
21.61,389.15216754666267
21.62,389.15216754666267
21.63,389.15216754666267
21.64,389.15216754666267
21.650000000000002,389.15216754666267
21.66,389.15216754666267
21.67,389.15216754666267
21.68,389.15216754666267
21.69,389.15216754666267
21.7,389.15216754666267
21.71,389.15216754666267
21.72,389.15216754666267
21.73,389.15216754666267
21.740000000000002,389.15216754666267
21.75,0
21.76,0
21.77,406.38140594378007
21.78,344.2009452914856
21.79,344.2009452914856
21.8,0
21.81,0
21.82,0
21.830000000000002,0
21.84,0
21.85,346.69516722885635
21.86,0
21.87,0
21.88,0
21.89,0
21.900000000000002,0
21.91,0
21.92,0
21.93,0
21.94,118.22903606043971
21.95,118.22903606043971
21.96,0
21.97,0
21.98,0
21.990000000000002,0
22.0,0
22.01,0
22.02,0
22.03,0
22.04,389.15216754666267
22.05,0
22.06,0
22.07,229.72656980903736
22.080000000000002,229.72656980903736
22.09,0
22.1,0
22.11,0
22.12,291.5347233085324
22.13,0
22.14,0
22.150000000000002,0
22.16,0
22.17,0
22.18,0
22.19,291.5347233085324
22.2,291.5347233085324
22.21,291.5347233085324
22.22,0
22.23,0
22.240000000000002,0
22.25,302.25182688535176
22.26,302.25182688535176
22.27,234.75692665794614
22.28,234.75692665794614
22.29,389.15216754666267
22.3,389.15216754666267
22.31,389.15216754666267
22.32,0
22.330000000000002,0
22.34,0
22.35,0
22.36,0
22.37,0
22.38,0
22.39,304.4420682183307
22.400000000000002,304.4420682183307
22.41,304.4420682183307
22.42,0
22.43,456.14770531049817
22.44,456.14770531049817
22.45,456.14770531049817
22.46,456.14770531049817
22.47,456.14770531049817
22.48,456.14770531049817
22.490000000000002,456.14770531049817
22.5,456.14770531049817
22.51,456.14770531049817
22.52,456.14770531049817
22.53,456.14770531049817
22.54,456.14770531049817
22.55,456.14770531049817
22.56,456.14770531049817
22.57,456.14770531049817
22.580000000000002,456.14770531049817
22.59,456.14770531049817
22.6,456.14770531049817
22.61,456.14770531049817
22.62,456.14770531049817
22.63,456.14770531049817
22.64,456.14770531049817
22.650000000000002,456.14770531049817
22.66,456.14770531049817
22.67,0
22.68,0
22.69,0
22.7,0
22.71,0
22.72,239.89743397855878
22.73,169.63310235549096
22.740000000000002,169.63310235549096
22.75,169.63310235549096
22.76,157.8168292535811
22.77,157.8168292535811
22.78,469.5138533158923
22.79,469.5138533158923
22.8,183.65536733584872
22.81,183.65536733584872
22.82,183.65536733584872
22.830000000000002,183.65536733584872
22.84,0
22.85,0
22.86,0
22.87,0
22.88,0
22.89,183.65536733584872
22.900000000000002,183.65536733584872
22.91,433.66601636645635
22.92,0
22.93,0
22.94,0
22.95,0
22.96,483.27165935315236
22.97,483.27165935315236
22.98,151.12591344267588
22.990000000000002,151.12591344267588
23.0,0
23.01,0
23.02,122.5752518760642
23.03,116.5340098554791
23.04,456.14770531049817
23.05,456.14770531049817
23.06,456.14770531049817
23.07,0
23.080000000000002,456.14770531049817
23.09,456.14770531049817
23.1,456.14770531049817
23.11,147.88759675248662
23.12,151.12591344267588
23.13,151.12591344267588
23.14,151.12591344267588
23.150000000000002,151.12591344267588
23.16,151.12591344267588
23.17,114.03692632762454
23.18,0
23.19,128.9296780494691
23.2,0
23.21,0
23.22,0
23.23,124.35814996965287
23.240000000000002,124.35814996965287
23.25,0
23.26,0
23.27,0
23.28,0
23.29,0
23.3,0
23.31,281.19762176597635
23.32,0
23.330000000000002,0
23.34,150.038671380357
23.35,150.038671380357
23.36,0
23.37,281.19762176597635
23.38,281.19762176597635
23.39,0
23.400000000000002,0
23.41,0
23.42,0
23.43,0
23.44,122.5752518760642
23.45,281.19762176597635
23.46,281.19762176597635
23.47,281.19762176597635
23.48,281.19762176597635
23.490000000000002,151.12591344267588
23.5,0
23.51,0
23.52,0
23.53,449.6080062687273
23.54,0
23.55,0
23.56,0
23.57,161.27256782386812
23.580000000000002,0
23.59,271.2270483237044
23.6,163.61833133910076
23.61,163.61833133910076
23.62,161.27256782386812
23.63,0
23.64,0
23.650000000000002,456.14770531049817
23.66,0
23.67,163.61833133910076
23.68,163.61833133910076
23.69,163.61833133910076
23.7,163.61833133910076
23.71,163.61833133910076
23.72,163.61833133910076
23.73,163.61833133910076
23.740000000000002,163.61833133910076
23.75,172.10047264574283
23.76,0
23.77,160.1123278938524
23.78,160.1123278938524
23.79,160.1123278938524
23.8,160.1123278938524
23.81,160.1123278938524
23.82,163.61833133910076
23.830000000000002,164.80397721533848
23.84,164.80397721533848
23.85,164.80397721533848
23.86,164.80397721533848
23.87,160.1123278938524
23.88,160.1123278938524
23.89,160.1123278938524
23.900000000000002,160.1123278938524
23.91,160.1123278938524
23.92,160.1123278938524
23.93,164.80397721533848
23.94,160.1123278938524
23.95,160.1123278938524
23.96,160.1123278938524
23.97,160.1123278938524
23.98,163.61833133910076
23.990000000000002,160.1123278938524
24.0,160.1123278938524
24.01,160.1123278938524
24.02,160.1123278938524
24.03,160.1123278938524
24.04,0
24.05,0
24.060000000000002,0
24.07,160.1123278938524
24.080000000000002,160.1123278938524
24.09,160.1123278938524
24.1,0
24.11,0
24.12,160.1123278938524
24.13,163.61833133910076
24.14,0
24.150000000000002,0
24.16,456.14770531049817
24.17,0
24.18,0
24.19,0
24.2,462.7825264652222
24.21,462.7825264652222
24.22,115.69563161630555
24.23,354.28680284333046
24.240000000000002,354.28680284333046
24.25,354.28680284333046
24.26,231.3912632326111
24.27,231.3912632326111
24.28,231.3912632326111
24.29,226.4330256106141
24.3,231.3912632326111
24.310000000000002,456.14770531049817
24.32,456.14770531049817
24.330000000000002,0
24.34,0
24.35,0
24.36,0
24.37,0
24.38,0
24.39,0
24.400000000000002,0
24.41,0
24.42,0
24.43,0
24.44,0
24.45,0
24.46,0
24.47,0
24.48,0
24.490000000000002,0
24.5,0
24.51,0
24.52,0
24.53,0
24.54,0
24.55,116.5340098554791
24.560000000000002,116.5340098554791
24.57,116.5340098554791
24.580000000000002,116.5340098554791
24.59,116.5340098554791
24.6,116.5340098554791
24.61,116.5340098554791
24.62,116.5340098554791
24.63,0
24.64,0
24.650000000000002,0
24.66,0
24.67,0
24.68,0
24.69,0
24.7,0
24.71,0
24.72,0
24.73,147.88759675248662
24.740000000000002,0
24.75,0
24.76,0
24.77,0
24.78,161.27256782386812
24.79,456.14770531049817
24.8,0
24.810000000000002,0
24.82,456.14770531049817
24.830000000000002,456.14770531049817
24.84,456.14770531049817
24.85,456.14770531049817
24.86,456.14770531049817
24.87,456.14770531049817
24.88,456.14770531049817
24.89,456.14770531049817
24.900000000000002,456.14770531049817
24.91,456.14770531049817
24.92,456.14770531049817
24.93,456.14770531049817
24.94,456.14770531049817
24.95,456.14770531049817
24.96,456.14770531049817
24.97,456.14770531049817
24.98,462.7825264652222
24.990000000000002,462.7825264652222
25.0,456.14770531049817
25.01,456.14770531049817
25.02,456.14770531049817
25.03,456.14770531049817
25.04,0
25.05,0
25.060000000000002,0
25.07,0
25.080000000000002,0
25.09,0
25.1,0
25.11,0
25.12,0
25.13,122.5752518760642
25.14,122.5752518760642
25.150000000000002,124.35814996965287
25.16,124.35814996965287
25.17,456.14770531049817
25.18,456.14770531049817
25.19,0
25.2,169.63310235549096
25.21,0
25.22,169.63310235549096
25.23,169.63310235549096
25.240000000000002,169.63310235549096
25.25,0
25.26,0
25.27,0
25.28,0
25.29,0
25.3,0
25.310000000000002,0
25.32,0
25.330000000000002,0
25.34,0
25.35,0
25.36,0
25.37,320.2246557877048
25.38,0
25.39,0
25.400000000000002,0
25.41,443.1620655930713
25.42,443.1620655930713
25.43,443.1620655930713
25.44,443.1620655930713
25.45,443.1620655930713
25.46,433.66601636645635
25.47,433.66601636645635
25.48,433.66601636645635
25.490000000000002,433.66601636645635
25.5,0
25.51,0
25.52,0
25.53,0
25.54,0
25.55,0
25.560000000000002,0
25.57,0
25.580000000000002,0
25.59,0
25.6,0
25.61,0
25.62,0
25.63,0
25.64,0
25.650000000000002,0
25.66,0
25.67,0
25.68,0
25.69,0
25.7,0
25.71,0
25.72,0
25.73,0
25.740000000000002,0
25.75,0
25.76,0
25.77,0
25.78,0
25.79,0
25.8,0
25.810000000000002,0
25.82,0
25.830000000000002,0
25.84,0
25.85,0
25.86,0
25.87,0
25.88,409.32621313129704
25.89,389.15216754666267
25.900000000000002,0
25.91,0
25.92,182.33409928995593
25.93,0
25.94,0
25.95,0
25.96,0
25.97,0
25.98,0
25.990000000000002,285.28773535819766
26.0,285.28773535819766
26.01,285.28773535819766
26.02,285.28773535819766
26.03,456.14770531049817
26.04,456.14770531049817
26.05,456.14770531049817
26.060000000000002,456.14770531049817
26.07,456.14770531049817
26.080000000000002,456.14770531049817
26.09,456.14770531049817
26.1,456.14770531049817
26.11,456.14770531049817
26.12,456.14770531049817
26.13,456.14770531049817
26.14,456.14770531049817
26.150000000000002,456.14770531049817
26.16,456.14770531049817
26.17,456.14770531049817
26.18,0
26.19,0
26.2,0
26.21,0
26.22,0
26.23,0
26.240000000000002,0
26.25,0
26.26,0
26.27,0
26.28,0
26.29,0
26.3,0
26.310000000000002,0
26.32,456.14770531049817
26.330000000000002,456.14770531049817
26.34,456.14770531049817
26.35,0
26.36,0
26.37,0
26.38,0
26.39,0
26.400000000000002,0
26.41,0
26.42,0
26.43,0
26.44,0
26.45,0
26.46,0
26.47,0
26.48,0
26.490000000000002,0
26.5,0
26.51,291.5347233085324
26.52,0
26.53,0
26.54,0
26.55,285.28773535819766
26.560000000000002,421.3203866928548
26.57,421.3203866928548
26.580000000000002,421.3203866928548
26.59,456.14770531049817
26.6,351.73796455742075
26.61,351.73796455742075
26.62,351.73796455742075
26.63,0
26.64,152.22103410916532
26.650000000000002,152.22103410916532
26.66,0
26.67,0
26.68,0
26.69,0
26.7,234.75692665794614
26.71,231.3912632326111
26.72,231.3912632326111
26.73,313.3629017454983
26.740000000000002,0
26.75,0
26.76,0
26.77,0
26.78,0
26.79,0
26.8,0
26.810000000000002,0
26.82,0
26.830000000000002,0
26.84,0
26.85,389.15216754666267
26.86,0
26.87,0
26.88,0
26.89,550.3442731713774
26.900000000000002,550.3442731713774
26.91,550.3442731713774
26.92,0
26.93,0
26.94,0
26.95,0
26.96,550.3442731713774
26.97,550.3442731713774
26.98,550.3442731713774
26.990000000000002,550.3442731713774
27.0,0
27.01,124.35814996965287
27.02,389.15216754666267
27.03,389.15216754666267
27.04,389.15216754666267
27.05,389.15216754666267
27.060000000000002,389.15216754666267
27.07,389.15216754666267
27.080000000000002,389.15216754666267
27.09,389.15216754666267
27.1,389.15216754666267
27.11,389.15216754666267
27.12,389.15216754666267
27.13,389.15216754666267
27.14,389.15216754666267
27.150000000000002,389.15216754666267
27.16,380.81343906203585
27.17,380.81343906203585
27.18,380.81343906203585
27.19,0
27.2,138.58307365993295
27.21,138.58307365993295
27.22,138.58307365993295
27.23,138.58307365993295
27.240000000000002,138.58307365993295
27.25,380.81343906203585
27.26,380.81343906203585
27.27,380.81343906203585
27.28,380.81343906203585
27.29,380.81343906203585
27.3,380.81343906203585
27.310000000000002,380.81343906203585
27.32,380.81343906203585
27.330000000000002,386.35249808190343
27.34,386.35249808190343
27.35,456.14770531049817
27.36,456.14770531049817
27.37,456.14770531049817
27.38,221.58103279653565
27.39,221.58103279653565
27.400000000000002,204.66310656564855
27.41,204.66310656564855
27.42,221.58103279653565
27.43,221.58103279653565
27.44,221.58103279653565
27.45,221.58103279653565
27.46,210.6601933464274
27.47,210.6601933464274
27.48,210.6601933464274
27.490000000000002,210.6601933464274
27.5,228.07385265524908
27.51,228.07385265524908
27.52,228.07385265524908
27.53,0
27.54,182.33409928995593
27.55,182.33409928995593
27.560000000000002,261.61000680017145
27.57,0
27.580000000000002,295.7751935049732
27.59,0
27.6,534.6770400169586
27.61,0
27.62,0
27.63,0
27.64,0
27.650000000000002,0
27.66,389.15216754666267
27.67,389.15216754666267
27.68,346.69516722885635
27.69,346.69516722885635
27.7,389.15216754666267
27.71,389.15216754666267
27.72,389.15216754666267
27.73,389.15216754666267
27.740000000000002,389.15216754666267
27.75,389.15216754666267
27.76,389.15216754666267
27.77,380.81343906203585
27.78,0
27.79,344.2009452914856
27.8,341.7246674838893
27.810000000000002,0
27.82,359.440023054631
27.830000000000002,354.28680284333046
27.84,354.28680284333046
27.85,351.73796455742075
27.86,233.06801971095814
27.87,233.06801971095814
27.88,364.66819857991186
27.89,364.66819857991186
27.900000000000002,364.66819857991186
27.91,0
27.92,0
27.93,0
27.94,0
27.95,113.21651280530705
27.96,113.21651280530705
27.97,0
27.98,0
27.990000000000002,113.21651280530705
28.0,113.21651280530705
28.01,113.21651280530705
28.02,113.21651280530705
28.03,0
28.04,0
28.05,0
28.060000000000002,0
28.07,389.15216754666267
28.080000000000002,0
28.09,0
28.1,122.5752518760642
28.11,0
28.12,0
28.13,389.15216754666267
28.14,0
28.150000000000002,0
28.16,0
28.17,0
28.18,0
28.19,238.1715447850896
28.2,238.1715447850896
28.21,238.1715447850896
28.22,238.1715447850896
28.23,238.1715447850896
28.240000000000002,389.15216754666267
28.25,389.15216754666267
28.26,389.15216754666267
28.27,389.15216754666267
28.28,389.15216754666267
28.29,389.15216754666267
28.3,389.15216754666267
28.310000000000002,389.15216754666267
28.32,389.15216754666267
28.330000000000002,389.15216754666267
28.34,0
28.35,0
28.36,550.3442731713774
28.37,334.4022125259431
28.38,271.2270483237044
28.39,273.1924713220765
28.400000000000002,279.17460747780154
28.41,279.17460747780154
28.42,281.19762176597635
28.43,281.19762176597635
28.44,346.69516722885635
28.45,346.69516722885635
28.46,389.15216754666267
28.47,334.4022125259431
28.48,291.5347233085324
28.490000000000002,334.4022125259431
28.5,334.4022125259431
28.51,456.14770531049817
28.52,0
28.53,389.15216754666267
28.54,389.15216754666267
28.55,389.15216754666267
28.560000000000002,259.72791128896995
28.57,259.72791128896995
28.580000000000002,0
28.59,0
28.6,346.69516722885635
28.61,346.69516722885635
28.62,346.69516722885635
28.63,0
28.64,0
28.650000000000002,0
28.66,259.72791128896995
28.67,257.8593560989382
28.68,257.8593560989382
28.69,257.8593560989382
28.7,257.8593560989382
28.71,257.8593560989382
28.72,257.8593560989382
28.73,0
28.740000000000002,0
28.75,0
28.76,0
28.77,456.14770531049817
28.78,0
28.79,0
28.8,0
28.810000000000002,389.15216754666267
28.82,389.15216754666267
28.830000000000002,389.15216754666267
28.84,389.15216754666267
28.85,389.15216754666267
28.86,389.15216754666267
28.87,389.15216754666267
28.88,389.15216754666267
28.89,389.15216754666267
28.900000000000002,389.15216754666267
28.91,389.15216754666267
28.92,389.15216754666267
28.93,0
28.94,0
28.95,0
28.96,0
28.97,456.14770531049817
28.98,456.14770531049817
28.990000000000002,0
29.0,120.81791483828809
29.01,0
29.02,233.06801971095814
29.03,234.75692665794614
29.04,234.75692665794614
29.05,231.3912632326111
29.060000000000002,234.75692665794614
29.07,231.3912632326111
29.080000000000002,231.3912632326111
29.09,231.3912632326111
29.1,0
29.11,0
29.12,0
29.13,0
29.14,0
29.150000000000002,0
29.16,0
29.17,0
29.18,0
29.19,0
29.2,0
29.21,0
29.22,0
29.23,0
29.240000000000002,0
29.25,0
29.26,0
29.27,0
29.28,0
29.29,0
29.3,0
29.310000000000002,0
29.32,115.69563161630555
29.330000000000002,0
29.34,115.69563161630555
29.35,115.69563161630555
29.36,115.69563161630555
29.37,0
29.38,0
29.39,0
29.400000000000002,0
29.41,0
29.42,0
29.43,0
29.44,0
29.45,380.81343906203585
29.46,380.81343906203585
29.47,0
29.48,389.15216754666267
29.490000000000002,0
29.5,346.69516722885635
29.51,0
29.52,0
29.53,0
29.54,126.16698091317228
29.55,126.16698091317228
29.560000000000002,0
29.57,193.1762490409517
29.580000000000002,137.58606829284435
29.59,139.58730373890074
29.6,139.58730373890074
29.61,0
29.62,0
29.63,0
29.64,0
29.650000000000002,0
29.66,0
29.67,0
29.68,0
29.69,0
29.7,0
29.71,409.32621313129704
29.72,409.32621313129704
29.73,380.81343906203585
29.740000000000002,0
29.75,0
29.76,0
29.77,0
29.78,0
29.79,0
29.8,0
29.810000000000002,0
29.82,0
29.830000000000002,0
29.84,0
29.85,0
29.86,0
29.87,0
29.88,0
29.89,0
29.900000000000002,0
29.91,0
29.92,0
29.93,0
29.94,0
29.95,0
29.96,0
29.97,0
29.98,0
29.990000000000002,0
30.0,0
30.01,0
30.02,0
30.03,0
30.04,0
30.05,0
30.060000000000002,0
30.07,0
30.080000000000002,0
30.09,0
30.1,0
30.11,0
30.12,0
30.13,456.14770531049817
30.14,0
30.150000000000002,0
30.16,0
30.17,0
30.18,0
30.19,0
30.2,291.5347233085324
30.21,0
30.22,0
30.23,346.69516722885635
30.240000000000002,346.69516722885635
30.25,0
30.26,150.038671380357
30.27,150.038671380357
30.28,150.038671380357
30.29,150.038671380357
30.3,150.038671380357
30.310000000000002,150.038671380357
30.32,150.038671380357
30.330000000000002,150.038671380357
30.34,150.038671380357
30.35,150.038671380357
30.36,150.038671380357
30.37,150.038671380357
30.38,150.038671380357
30.39,150.038671380357
30.400000000000002,0
30.41,0
30.42,0
30.43,0
30.44,0
30.45,150.038671380357
30.46,150.038671380357
30.47,150.038671380357
30.48,0
30.490000000000002,0
30.5,0
30.51,0
30.52,0
30.53,0
30.54,0
30.55,0
30.560000000000002,0
30.57,0
30.580000000000002,0
30.59,0
30.6,0
30.61,0
30.62,0
30.63,0
30.64,0
30.650000000000002,0
30.66,0
30.67,0
30.68,285.28773535819766
30.69,285.28773535819766
30.7,285.28773535819766
30.71,285.28773535819766
30.72,285.28773535819766
30.73,346.69516722885635
30.740000000000002,0
30.75,0
30.76,0
30.77,0
30.78,0
30.79,0
30.8,0
30.810000000000002,0
30.82,0
30.830000000000002,0
30.84,0
30.85,0
30.86,0
30.87,0
30.88,0
30.89,0
30.900000000000002,0
30.91,0
30.92,0
30.93,0
30.94,0
30.95,0
30.96,0
30.970000000000002,0
30.98,0
30.990000000000002,0
31.0,0
31.01,0
31.02,0
31.03,0
31.04,0
31.05,0
31.060000000000002,0
31.07,0
31.080000000000002,0
31.09,0
31.1,0
31.11,0
31.12,0
31.13,0
31.14,0
31.150000000000002,0
31.16,0
31.17,0
31.18,0
31.19,0
31.2,0
31.21,0
31.220000000000002,0
31.23,0
31.240000000000002,0
31.25,0
31.26,0
31.27,0
31.28,0
31.29,0
31.3,0
31.310000000000002,0
31.32,0
31.330000000000002,0
31.34,285.28773535819766
31.35,285.28773535819766
31.36,285.28773535819766
31.37,0
31.38,0
31.39,0
31.400000000000002,0
31.41,0
31.42,269.2757651277356
31.43,269.2757651277356
31.44,269.2757651277356
31.45,233.06801971095814
31.46,0
31.470000000000002,0
31.48,0
31.490000000000002,0
31.5,0
31.51,0
31.52,0
31.53,0
31.54,0
31.55,0
31.560000000000002,0
31.57,0
31.580000000000002,0
31.59,0
31.6,0
31.61,0
31.62,0
31.63,0
31.64,0
31.650000000000002,0
31.66,0
31.67,0
31.68,0
31.69,0
31.7,0
31.71,0
31.720000000000002,0
31.73,0
31.740000000000002,0
31.75,0
31.76,0
31.77,0
31.78,0
31.79,0
31.8,0
31.810000000000002,0
31.82,0
31.830000000000002,0
31.84,0
31.85,0
31.86,0
31.87,0
31.88,0
31.89,0
31.900000000000002,0
31.91,0
31.92,0
31.93,0
31.94,0
31.95,0
31.96,0
31.970000000000002,339.266204710982
31.98,0
31.990000000000002,0
32.0,0
32.01,0
32.02,0
32.03,0
32.04,0
32.05,456.14770531049817
32.06,456.14770531049817
32.07,456.14770531049817
32.08,456.14770531049817
32.09,456.14770531049817
32.1,456.14770531049817
32.11,456.14770531049817
32.12,0
32.13,163.61833133910076
32.14,0
32.15,0
32.160000000000004,456.14770531049817
32.17,456.14770531049817
32.18,456.14770531049817
32.19,456.14770531049817
32.2,406.38140594378007
32.21,406.38140594378007
32.22,406.38140594378007
32.230000000000004,406.38140594378007
32.24,163.61833133910076
32.25,213.72431641665463
32.26,218.4042695442296
32.27,218.4042695442296
32.28,218.4042695442296
32.29,218.4042695442296
32.3,0
32.31,0
32.32,0
32.33,0
32.34,0
32.35,0
32.36,0
32.37,0
32.38,163.61833133910076
32.39,163.61833133910076
32.4,163.61833133910076
32.410000000000004,163.61833133910076
32.42,163.61833133910076
32.43,151.12591344267588
32.44,162.4412153306951
32.45,0
32.46,0
32.47,0
32.480000000000004,0
32.49,0
32.5,0
32.51,0
32.52,0
32.53,0
32.54,0
32.55,0
32.56,0
32.57,0
32.58,0
32.59,0
32.6,0
32.61,0
32.62,0
32.63,0
32.64,0
32.65,0
32.660000000000004,0
32.67,0
32.68,0
32.69,0
32.7,0
32.71,0
32.72,0
32.730000000000004,0
32.74,0
32.75,0
32.76,0
32.77,0
32.78,0
32.79,0
32.8,0
32.81,0
32.82,0
32.83,0
32.84,0
32.85,0
32.86,0
32.87,0
32.88,0
32.89,0
32.9,0
32.910000000000004,0
32.92,0
32.93,0
32.94,0
32.95,0
32.96,0
32.97,0
32.980000000000004,0
32.99,0
33.0,0
33.01,0
33.02,0
33.03,0
33.04,0
33.05,0
33.06,0
33.07,0
33.08,0
33.09,0
33.1,0
33.11,0
33.12,0
33.13,0
33.14,0
33.15,0
33.160000000000004,0
33.17,0
33.18,291.5347233085324
33.19,291.5347233085324
33.2,291.5347233085324
33.21,279.17460747780154
33.22,161.27256782386812
33.230000000000004,389.15216754666267
33.24,0
33.25,0
33.26,0
33.27,0
33.28,0
33.29,168.4127144032124
33.3,168.4127144032124
33.31,0
33.32,0
33.33,172.10047264574283
33.34,160.1123278938524
33.35,160.1123278938524
33.36,160.1123278938524
33.37,164.80397721533848
33.38,164.80397721533848
33.39,164.80397721533848
33.4,164.80397721533848
33.410000000000004,164.80397721533848
33.42,164.80397721533848
33.43,0
33.44,160.1123278938524
33.45,0
33.46,0
33.47,160.1123278938524
33.480000000000004,141.61764782480893
33.49,160.1123278938524
33.5,160.1123278938524
33.51,160.1123278938524
33.52,160.1123278938524
33.53,160.1123278938524
33.54,160.1123278938524
33.55,160.1123278938524
33.56,160.1123278938524
33.57,160.1123278938524
33.58,160.1123278938524
33.59,160.1123278938524
33.6,161.27256782386812
33.61,0
33.62,0
33.63,0
33.64,0
33.65,0
33.660000000000004,389.15216754666267
33.67,389.15216754666267
33.68,389.15216754666267
33.69,389.15216754666267
33.7,389.15216754666267
33.71,389.15216754666267
33.72,0
33.730000000000004,0
33.74,456.14770531049817
33.75,456.14770531049817
33.76,0
33.77,456.14770531049817
33.78,456.14770531049817
33.79,231.3912632326111
33.8,231.3912632326111
33.81,233.06801971095814
33.82,233.06801971095814
33.83,231.3912632326111
33.84,231.3912632326111
33.85,231.3912632326111
33.86,231.3912632326111
33.87,231.3912632326111
33.88,231.3912632326111
33.89,231.3912632326111
33.9,231.3912632326111
33.910000000000004,231.3912632326111
33.92,0
33.93,0
33.94,0
33.95,0
33.96,0
33.97,0
33.980000000000004,0
33.99,0
34.0,0
34.01,0
34.02,0
34.03,0
34.04,0
34.05,0
34.06,0
34.07,0
34.08,0
34.09,0
34.1,0
34.11,0
34.12,0
34.13,0
34.14,0
34.15,0
34.160000000000004,0
34.17,0
34.18,0
34.19,0
34.2,0
34.21,0
34.22,0
34.230000000000004,0
34.24,0
34.25,0
34.26,0
34.27,0
34.28,0
34.29,0
34.300000000000004,0
34.31,0
34.32,0
34.33,0
34.34,0
34.35,0
34.36,0
34.37,0
34.38,550.3442731713774
34.39,0
34.4,0
34.410000000000004,0
34.42,0
34.43,456.14770531049817
34.44,456.14770531049817
34.45,456.14770531049817
34.46,456.14770531049817
34.47,456.14770531049817
34.480000000000004,456.14770531049817
34.49,456.14770531049817
34.5,456.14770531049817
34.51,456.14770531049817
34.52,456.14770531049817
34.53,456.14770531049817
34.54,456.14770531049817
34.550000000000004,456.14770531049817
34.56,456.14770531049817
34.57,456.14770531049817
34.58,456.14770531049817
34.59,456.14770531049817
34.6,456.14770531049817
34.61,456.14770531049817
34.62,0
34.63,456.14770531049817
34.64,0
34.65,456.14770531049817
34.660000000000004,0
34.67,0
34.68,0
34.69,0
34.7,0
34.71,0
34.72,0
34.730000000000004,0
34.74,0
34.75,0
34.76,0
34.77,0
34.78,0
34.79,0
34.800000000000004,0
34.81,0
34.82,150.038671380357
34.83,0
34.84,0
34.85,0
34.86,0
34.87,0
34.88,0
34.89,0
34.9,0
34.910000000000004,0
34.92,0
34.93,0
34.94,0
34.95,0
34.96,0
34.97,0
34.980000000000004,0
34.99,0
35.0,0
35.01,0
35.02,0
35.03,364.66819857991186
35.04,364.66819857991186
35.050000000000004,443.1620655930713
35.06,0
35.07,0
35.08,0
35.09,0
35.1,0
35.11,0
35.12,0
35.13,0
35.14,0
35.15,0
35.160000000000004,0
35.17,0
35.18,0
35.19,0
35.2,0
35.21,0
35.22,0
35.230000000000004,0
35.24,0
35.25,0
35.26,0
35.27,0
35.28,0
35.29,0
35.300000000000004,0
35.31,0
35.32,0
35.33,0
35.34,0
35.35,0
35.36,0
35.37,0
35.38,0
35.39,0
35.4,0
35.410000000000004,0
35.42,0
35.43,0
35.44,0
35.45,0
35.46,0
35.47,0
35.480000000000004,0
35.49,0
35.5,0
35.51,0
35.52,0
35.53,0
35.54,0
35.550000000000004,0
35.56,0
35.57,285.28773535819766
35.58,285.28773535819766
35.59,285.28773535819766
35.6,283.2352956496178
35.61,236.45807212087942
35.62,233.06801971095814
35.63,320.2246557877048
35.64,386.35249808190343
35.65,386.35249808190343
35.660000000000004,0
35.67,0
35.68,0
35.69,0
35.7,0
35.71,163.61833133910076
35.72,0
35.730000000000004,0
35.74,0
35.75,389.15216754666267
35.76,0
35.77,156.68145087274914
35.78,163.61833133910076
35.79,163.61833133910076
35.800000000000004,0
35.81,163.61833133910076
35.82,163.61833133910076
35.83,163.61833133910076
35.84,163.61833133910076
35.85,231.3912632326111
35.86,231.3912632326111
35.87,231.3912632326111
35.88,231.3912632326111
35.89,221.58103279653565
35.9,231.3912632326111
35.910000000000004,223.18670030113336
35.92,228.07385265524908
35.93,224.80400313436365
35.94,224.80400313436365
35.95,224.80400313436365
35.96,231.3912632326111
35.97,231.3912632326111
35.980000000000004,223.18670030113336
35.99,231.3912632326111
36.0,231.3912632326111
36.01,231.3912632326111
36.02,231.3912632326111
36.03,231.3912632326111
36.04,231.3912632326111
36.050000000000004,229.72656980903736
36.06,456.14770531049817
36.07,224.80400313436365
36.08,224.80400313436365
36.09,0
36.1,231.3912632326111
36.11,231.3912632326111
36.12,231.3912632326111
36.13,456.14770531049817
36.14,456.14770531049817
36.15,0
36.160000000000004,0
36.17,116.5340098554791
36.18,115.69563161630555
36.19,116.5340098554791
36.2,231.3912632326111
36.21,0
36.22,233.06801971095814
36.230000000000004,233.06801971095814
36.24,233.06801971095814
36.25,233.06801971095814
36.26,233.06801971095814
36.27,233.06801971095814
36.28,233.06801971095814
36.29,233.06801971095814
36.300000000000004,0
36.31,0
36.32,0
36.33,0
36.34,456.14770531049817
36.35,456.14770531049817
36.36,456.14770531049817
36.37,456.14770531049817
36.38,456.14770531049817
36.39,456.14770531049817
36.4,456.14770531049817
36.410000000000004,456.14770531049817
36.42,456.14770531049817
36.43,456.14770531049817
36.44,456.14770531049817
36.45,291.5347233085324
36.46,291.5347233085324
36.47,291.5347233085324
36.480000000000004,291.5347233085324
36.49,0
36.5,0
36.51,0
36.52,0
36.53,0
36.54,291.5347233085324
36.550000000000004,0
36.56,0
36.57,0
36.58,0
36.59,0
36.6,0
36.61,0
36.62,0
36.63,0
36.64,0
36.65,0
36.660000000000004,0
36.67,0
36.68,0
36.69,0
36.7,0
36.71,0
36.72,285.28773535819766
36.730000000000004,283.2352956496178
36.74,285.28773535819766
36.75,285.28773535819766
36.76,283.2352956496178
36.77,0
36.78,339.266204710982
36.79,0
36.800000000000004,139.58730373890074
36.81,267.3385200084793
36.82,267.3385200084793
36.83,271.2270483237044
36.84,0
36.85,279.17460747780154
36.86,279.17460747780154
36.87,534.6770400169586
36.88,534.6770400169586
36.89,456.14770531049817
36.9,456.14770531049817
36.910000000000004,456.14770531049817
36.92,456.14770531049817
36.93,456.14770531049817
36.94,456.14770531049817
36.95,456.14770531049817
36.96,456.14770531049817
36.97,456.14770531049817
36.980000000000004,456.14770531049817
36.99,456.14770531049817
37.0,456.14770531049817
37.01,456.14770531049817
37.02,456.14770531049817
37.03,456.14770531049817
37.04,456.14770531049817
37.050000000000004,456.14770531049817
37.06,456.14770531049817
37.07,456.14770531049817
37.08,456.14770531049817
37.09,456.14770531049817
37.1,456.14770531049817
37.11,456.14770531049817
37.12,233.06801971095814
37.13,233.06801971095814
37.14,233.06801971095814
37.15,0
37.160000000000004,233.06801971095814
37.17,157.8168292535811
37.18,169.63310235549096
37.19,169.63310235549096
37.2,168.4127144032124
37.21,169.63310235549096
37.22,142.6438676790988
37.230000000000004,142.6438676790988
37.24,0
37.25,0
37.26,0
37.27,0
37.28,0
37.29,0
37.300000000000004,0
37.31,0
37.32,0
37.33,0
37.34,0
37.35,163.61833133910076
37.36,0
37.37,0
37.38,0
37.39,0
37.4,0
37.410000000000004,0
37.42,0
37.43,0
37.44,0
37.45,233.06801971095814
37.46,233.06801971095814
37.47,233.06801971095814
37.480000000000004,233.06801971095814
37.49,233.06801971095814
37.5,0
37.51,0
37.52,0
37.53,0
37.54,0
37.550000000000004,0
37.56,0
37.57,0
37.58,0
37.59,0
37.6,0
37.61,0
37.62,0
37.63,0
37.64,0
37.65,0
37.660000000000004,0
37.67,0
37.68,0
37.69,0
37.7,311.1084814426742
37.71,311.1084814426742
37.72,311.1084814426742
37.730000000000004,311.1084814426742
37.74,311.1084814426742
37.75,311.1084814426742
37.76,311.1084814426742
37.77,311.1084814426742
37.78,0
37.79,0
37.800000000000004,389.15216754666267
37.81,0
37.82,389.15216754666267
37.83,311.1084814426742
37.84,0
37.85,311.1084814426742
37.86,0
37.87,0
37.88,0
37.89,0
37.9,0
37.910000000000004,0
37.92,0
37.93,0
37.94,0
37.95,0
37.96,0
37.97,0
37.980000000000004,0
37.99,285.28773535819766
38.0,285.28773535819766
38.01,163.61833133910076
38.02,163.61833133910076
38.03,261.61000680017145
38.04,261.61000680017145
38.050000000000004,265.4152119720878
38.06,0
38.07,0
38.08,0
38.09,0
38.1,0
38.11,0
38.12,224.80400313436365
38.13,224.80400313436365
38.14,224.80400313436365
38.15,224.80400313436365
38.160000000000004,224.80400313436365
38.17,224.80400313436365
38.18,224.80400313436365
38.19,224.80400313436365
38.2,224.80400313436365
38.21,224.80400313436365
38.22,224.80400313436365
38.230000000000004,224.80400313436365
38.24,224.80400313436365
38.25,224.80400313436365
38.26,224.80400313436365
38.27,229.72656980903736
38.28,229.72656980903736
38.29,231.3912632326111
38.300000000000004,231.3912632326111
38.31,231.3912632326111
38.32,224.80400313436365
38.33,231.3912632326111
38.34,224.80400313436365
38.35,224.80400313436365
38.36,224.80400313436365
38.37,224.80400313436365
38.38,224.80400313436365
38.39,229.72656980903736
38.4,456.14770531049817
38.410000000000004,456.14770531049817
38.42,456.14770531049817
38.43,456.14770531049817
38.44,456.14770531049817
38.45,456.14770531049817
38.46,231.3912632326111
38.47,231.3912632326111
38.480000000000004,231.3912632326111
38.49,456.14770531049817
38.5,231.3912632326111
38.51,231.3912632326111
38.52,231.3912632326111
38.53,0
38.54,0
38.550000000000004,0
38.56,0
38.57,0
38.58,0
38.59,0
38.6,231.3912632326111
38.61,275.1721365856887
38.62,0
38.63,0
38.64,0
38.65,359.440023054631
38.660000000000004,339.266204710982
38.67,359.440023054631
38.68,339.266204710982
38.69,233.06801971095814
38.7,233.06801971095814
38.71,233.06801971095814
38.72,0
38.730000000000004,115.69563161630555
38.74,113.21651280530705
38.75,0
38.76,0
38.77,0
38.78,0
38.79,0
38.800000000000004,0
38.81,0
38.82,0
38.83,0
38.84,0
38.85,0
38.86,0
38.87,0
38.88,0
38.89,0
38.9,0
38.910000000000004,0
38.92,0
38.93,0
38.94,0
38.95,0
38.96,0
38.97,0
38.980000000000004,0
38.99,0
39.0,0
39.01,0
39.02,0
39.03,0
39.04,0
39.050000000000004,0
39.06,0
39.07,0
39.08,0
39.09,0
39.1,0
39.11,120.81791483828809
39.12,0
39.13,0
39.14,0
39.15,0
39.160000000000004,0
39.17,0
39.18,327.2366626782015
39.19,327.2366626782015
39.2,327.2366626782015
39.21,254.16247773177858
39.22,254.16247773177858
39.230000000000004,254.16247773177858
39.24,0
39.25,354.28680284333046
39.26,389.15216754666267
39.27,346.69516722885635
39.28,346.69516722885635
39.29,0
39.300000000000004,0
39.31,346.69516722885635
39.32,389.15216754666267
39.33,346.69516722885635
39.34,346.69516722885635
39.35,0
39.36,0
39.37,0
39.38,0
39.39,0
39.4,0
39.410000000000004,0
39.42,0
39.43,0
39.44,0
39.45,0
39.46,0
39.47,0
39.480000000000004,0
39.49,0
39.5,0
39.51,0
39.52,0
39.53,0
39.54,0
39.550000000000004,0
39.56,0
39.57,0
39.58,0
39.59,0
39.6,0
39.61,0
39.62,0
39.63,0
39.64,0
39.65,0
39.660000000000004,0
39.67,0
39.68,0
39.69,0
39.7,0
39.71,0
39.72,0
39.730000000000004,0
39.74,0
39.75,0
39.76,0
39.77,0
39.78,140.59881088298818
39.79,0
39.800000000000004,0
39.81,0
39.82,0
39.83,0
39.84,380.81343906203585
39.85,0
39.86,0
39.87,0
39.88,0
39.89,0
39.9,0
39.910000000000004,0
39.92,0
39.93,0
39.94,0
39.95,0
39.96,0
39.97,0
39.980000000000004,0
39.99,0
40.0,0
40.01,0
40.02,380.81343906203585
40.03,380.81343906203585
40.04,380.81343906203585
40.050000000000004,380.81343906203585
40.06,380.81343906203585
40.07,380.81343906203585
40.08,380.81343906203585
40.09,380.81343906203585
40.1,380.81343906203585
40.11,380.81343906203585
40.12,380.81343906203585
40.13,380.81343906203585
40.14,380.81343906203585
40.15,380.81343906203585
40.160000000000004,380.81343906203585
40.17,380.81343906203585
40.18,380.81343906203585
40.19,380.81343906203585
40.2,380.81343906203585
40.21,380.81343906203585
40.22,380.81343906203585
40.230000000000004,380.81343906203585
40.24,380.81343906203585
40.25,380.81343906203585
40.26,380.81343906203585
40.27,389.15216754666267
40.28,380.81343906203585
40.29,380.81343906203585
40.300000000000004,380.81343906203585
40.31,380.81343906203585
40.32,380.81343906203585
40.33,0
40.34,0
40.35,0
40.36,0
40.37,271.2270483237044
40.38,271.2270483237044
40.39,0
40.4,267.3385200084793
40.410000000000004,267.3385200084793
40.42,0
40.43,0
40.44,0
40.45,0
40.46,0
40.47,0
40.480000000000004,0
40.49,0
40.5,0
40.51,380.81343906203585
40.52,0
40.53,380.81343906203585
40.54,380.81343906203585
40.550000000000004,380.81343906203585
40.56,0
40.57,0
40.58,0
40.59,380.81343906203585
40.6,380.81343906203585
40.61,380.81343906203585
40.62,380.81343906203585
40.63,380.81343906203585
40.64,380.81343906203585
40.65,380.81343906203585
40.660000000000004,380.81343906203585
40.67,380.81343906203585
40.68,380.81343906203585
40.69,380.81343906203585
40.7,380.81343906203585
40.71,380.81343906203585
40.72,380.81343906203585
40.730000000000004,380.81343906203585
40.74,380.81343906203585
40.75,380.81343906203585
40.76,380.81343906203585
40.77,380.81343906203585
40.78,380.81343906203585
40.79,380.81343906203585
40.800000000000004,380.81343906203585
40.81,380.81343906203585
40.82,380.81343906203585
40.83,380.81343906203585
40.84,380.81343906203585
40.85,380.81343906203585
40.86,380.81343906203585
40.87,380.81343906203585
40.88,380.81343906203585
40.89,386.35249808190343
40.9,386.35249808190343
40.910000000000004,389.15216754666267
40.92,389.15216754666267
40.93,389.15216754666267
40.94,389.15216754666267
40.95,0
40.96,0
40.97,0
40.980000000000004,0
40.99,0
41.0,0
41.01,0
41.02,0
41.03,346.69516722885635
41.04,346.69516722885635
41.050000000000004,234.75692665794614
41.06,0
41.07,234.75692665794614
41.08,0
41.09,241.63582967657618
41.1,241.63582967657618
41.11,234.75692665794614
41.12,234.75692665794614
41.13,0
41.14,0
41.15,0
41.160000000000004,0
41.17,0
41.18,0
41.19,0
41.2,0
41.21,0
41.22,0
41.230000000000004,241.63582967657618
41.24,0
41.25,0
41.26,234.75692665794614
41.27,234.75692665794614
41.28,229.72656980903736
41.29,0
41.300000000000004,0
41.31,0
41.32,0
41.33,0
41.34,0
41.35,0
41.36,0
41.37,0
41.38,0
41.39,0
41.4,0
41.410000000000004,0
41.42,0
41.43,0
41.44,0
41.45,0
41.46,0
41.47,0
41.480000000000004,433.66601636645635
41.49,433.66601636645635
41.5,433.66601636645635
41.51,433.66601636645635
41.52,433.66601636645635
41.53,0
41.54,0
41.550000000000004,0
41.56,0
41.57,534.6770400169586
41.58,0
41.59,313.3629017454983
41.6,313.3629017454983
41.61,304.4420682183307
41.62,302.25182688535176
41.63,302.25182688535176
41.64,0
41.65,0
41.660000000000004,0
41.67,389.15216754666267
41.68,0
41.69,456.14770531049817
41.7,456.14770531049817
41.71,456.14770531049817
41.72,456.14770531049817
41.730000000000004,456.14770531049817
41.74,456.14770531049817
41.75,456.14770531049817
41.76,456.14770531049817
41.77,456.14770531049817
41.78,456.14770531049817
41.79,456.14770531049817
41.800000000000004,456.14770531049817
41.81,456.14770531049817
41.82,456.14770531049817
41.83,456.14770531049817
41.84,456.14770531049817
41.85,456.14770531049817
41.86,456.14770531049817
41.87,456.14770531049817
41.88,456.14770531049817
41.89,456.14770531049817
41.9,456.14770531049817
41.910000000000004,456.14770531049817
41.92,456.14770531049817
41.93,0
41.94,433.66601636645635
41.95,433.66601636645635
41.96,433.66601636645635
41.97,433.66601636645635
41.980000000000004,433.66601636645635
41.99,433.66601636645635
42.0,433.66601636645635
42.01,0
42.02,0
42.03,433.66601636645635
42.04,0
42.050000000000004,0
42.06,0
42.07,0
42.08,0
42.09,0
42.1,0
42.11,0
42.12,0
42.13,0
42.14,0
42.15,0
42.160000000000004,0
42.17,0
42.18,133.66926000423965
42.19,130.80500340008572
42.2,0
42.21,0
42.22,0
42.230000000000004,0
42.24,0
42.25,0
42.26,0
42.27,0
42.28,0
42.29,0
42.300000000000004,0
42.31,0
42.32,0
42.33,0
42.34,0
42.35,0
42.36,0
42.37,0
42.38,0
42.39,0
42.4,0
42.410000000000004,0
42.42,0
42.43,0
42.44,0
42.45,0
42.46,0
42.47,0
42.480000000000004,0
42.49,0
42.5,0
42.51,0
42.52,0
42.53,0
42.54,0
42.550000000000004,0
42.56,0
42.57,0
42.58,0
42.59,0
42.6,0
42.61,0
42.62,0
42.63,0
42.64,0
42.65,0
42.660000000000004,0
42.67,119.94871698927936
42.68,0
42.69,0
42.7,0
42.71,0
42.72,0
42.730000000000004,0
42.74,0
42.75,0
42.76,0
42.77,0
42.78,0
42.79,0
42.800000000000004,306.6481809428776
42.81,306.6481809428776
42.82,570.5754707163953
42.83,346.69516722885635
42.84,456.14770531049817
42.85,389.15216754666267
42.86,389.15216754666267
42.87,389.15216754666267
42.88,389.15216754666267
42.89,389.15216754666267
42.9,389.15216754666267
42.910000000000004,389.15216754666267
42.92,389.15216754666267
42.93,194.57608377333133
42.94,0
42.95,0
42.96,0
42.97,0
42.980000000000004,197.40625808264608
42.99,197.40625808264608
43.0,224.80400313436365
43.01,231.3912632326111
43.02,221.58103279653565
43.03,221.58103279653565
43.04,221.58103279653565
43.050000000000004,221.58103279653565
43.06,221.58103279653565
43.07,234.75692665794614
43.08,233.06801971095814
43.09,233.06801971095814
43.1,221.58103279653565
43.11,221.58103279653565
43.12,221.58103279653565
43.13,221.58103279653565
43.14,221.58103279653565
43.15,221.58103279653565
43.160000000000004,0
43.17,0
43.18,0
43.19,0
43.2,456.14770531049817
43.21,456.14770531049817
43.22,0
43.230000000000004,0
43.24,0
43.25,0
43.26,0
43.27,0
43.28,0
43.29,0
43.300000000000004,389.15216754666267
43.31,0
43.32,0
43.33,0
43.34,456.14770531049817
43.35,456.14770531049817
43.36,0
43.37,0
43.38,0
43.39,229.72656980903736
43.4,359.440023054631
43.410000000000004,231.3912632326111
43.42,233.06801971095814
43.43,354.28680284333046
43.44,354.28680284333046
43.45,354.28680284333046
43.46,346.69516722885635
43.47,229.72656980903736
43.480000000000004,231.3912632326111
43.49,231.3912632326111
43.5,229.72656980903736
43.51,229.72656980903736
43.52,229.72656980903736
43.53,456.14770531049817
43.54,0
43.550000000000004,0
43.56,0
43.57,0
43.58,0
43.59,0
43.6,0
43.61,0
43.62,0
43.63,0
43.64,0
43.65,0
43.660000000000004,0
43.67,0
43.68,0
43.69,0
43.7,0
43.71,0
43.72,0
43.730000000000004,0
43.74,0
43.75,0
43.76,0
43.77,0
43.78,0
43.79,0
43.800000000000004,0
43.81,0
43.82,0
43.83,0
43.84,0
43.85,0
43.86,0
43.87,0
43.88,0
43.89,0
43.9,0
43.910000000000004,0
43.92,0
43.93,0
43.94,0
43.95,0
43.96,0
43.97,0
43.980000000000004,0
43.99,168.4127144032124
44.0,0
44.01,0
44.02,0
44.03,456.14770531049817
44.04,456.14770531049817
44.050000000000004,456.14770531049817
44.06,456.14770531049817
44.07,456.14770531049817
44.08,456.14770531049817
44.09,462.7825264652222
44.1,0
44.11,0
44.12,0
44.13,0
44.14,0
44.15,0
44.160000000000004,0
44.17,0
44.18,0
44.19,456.14770531049817
44.2,456.14770531049817
44.21,0
44.22,0
44.230000000000004,0
44.24,0
44.25,0
44.26,0
44.27,0
44.28,0
44.29,0
44.300000000000004,0
44.31,0
44.32,123.46348267958248
44.33,0
44.34,124.35814996965287
44.35,124.35814996965287
44.36,88.5717007108326
44.37,89.21352776553782
44.38,89.86000576365775
44.39,89.86000576365775
44.4,89.86000576365775
44.410000000000004,170.86233374194464
44.42,154.43514003481934
44.43,154.43514003481934
44.44,154.43514003481934
44.45,154.43514003481934
44.46,0
44.47,0
44.480000000000004,0
44.49,0
44.5,0
44.51,0
44.52,0
44.53,0
44.54,0
44.550000000000004,0
44.56,0
44.57,0
44.58,0
44.59,132.7076059860439
44.6,132.7076059860439
44.61,122.5752518760642
44.62,122.5752518760642
44.63,239.89743397855878
44.64,239.89743397855878
44.65,0
44.660000000000004,0
44.67,0
44.68,0
44.69,0
44.7,0
44.71,0
44.72,0
44.730000000000004,0
44.74,0
44.75,0
44.76,0
44.77,0
44.78,124.35814996965287
44.79,124.35814996965287
44.800000000000004,124.35814996965287
44.81,124.35814996965287
44.82,124.35814996965287
44.83,0
44.84,0
44.85,0
44.86,0
44.87,0
44.88,0
44.89,0
44.9,0
44.910000000000004,0
44.92,0
44.93,0
44.94,0
44.95,0
44.96,0
44.97,0
44.980000000000004,0
44.99,0
45.0,0
45.01,0
45.02,433.66601636645635
45.03,0
45.04,0
45.050000000000004,0
45.06,433.66601636645635
45.07,433.66601636645635
45.08,433.66601636645635
45.09,433.66601636645635
45.1,433.66601636645635
45.11,433.66601636645635
45.12,0
45.13,0
45.14,0
45.15,0
45.160000000000004,0
45.17,0
45.18,0
45.19,0
45.2,304.4420682183307
45.21,456.14770531049817
45.22,456.14770531049817
45.230000000000004,469.5138533158923
45.24,469.5138533158923
45.25,0
45.26,456.14770531049817
45.27,456.14770531049817
45.28,456.14770531049817
45.29,433.66601636645635
45.300000000000004,433.66601636645635
45.31,433.66601636645635
45.32,433.66601636645635
45.33,0
45.34,291.5347233085324
45.35,291.5347233085324
45.36,291.5347233085324
45.37,291.5347233085324
45.38,291.5347233085324
45.39,291.5347233085324
45.4,291.5347233085324
45.410000000000004,291.5347233085324
45.42,291.5347233085324
45.43,291.5347233085324
45.44,291.5347233085324
45.45,291.5347233085324
45.46,291.5347233085324
45.47,291.5347233085324
45.480000000000004,291.5347233085324
45.49,291.5347233085324
45.5,291.5347233085324
45.51,291.5347233085324
45.52,291.5347233085324
45.53,456.14770531049817
45.54,456.14770531049817
45.550000000000004,456.14770531049817
45.56,456.14770531049817
45.57,456.14770531049817
45.58,456.14770531049817
45.59,456.14770531049817
45.6,456.14770531049817
45.61,456.14770531049817
45.62,291.5347233085324
45.63,291.5347233085324
45.64,155.55424072133707
45.65,0
45.660000000000004,0
45.67,534.6770400169586
45.68,389.15216754666267
45.69,0
45.7,0
45.71,0
45.72,0
45.730000000000004,291.5347233085324
45.74,291.5347233085324
45.75,291.5347233085324
45.76,291.5347233085324
45.77,228.07385265524908
45.78,456.14770531049817
45.79,228.07385265524908
45.800000000000004,304.4420682183307
45.81,0
45.82,267.3385200084793
45.83,233.06801971095814
45.84,234.75692665794614
45.85,234.75692665794614
45.86,234.75692665794614
45.87,0
45.88,0
45.89,0
45.9,0
45.910000000000004,0
45.92,0
45.93,0
45.94,104.57232251706493
45.95,104.57232251706493
45.96,104.57232251706493
45.97,0
45.980000000000004,0
45.99,0
46.0,0
46.01,0
46.02,0
46.03,0
46.04,0
46.050000000000004,0
46.06,0
46.07,0
46.08,0
46.09,0
46.1,0
46.11,122.5752518760642
46.12,122.5752518760642
46.13,122.5752518760642
46.14,122.5752518760642
46.15,0
46.160000000000004,0
46.17,0
46.18,0
46.19,122.5752518760642
46.2,122.5752518760642
46.21,122.5752518760642
46.22,122.5752518760642
46.230000000000004,122.5752518760642
46.24,0
46.25,389.15216754666267
46.26,346.69516722885635
46.27,0
46.28,346.69516722885635
46.29,0
46.300000000000004,0
46.31,389.15216754666267
46.32,389.15216754666267
46.33,389.15216754666267
46.34,389.15216754666267
46.35,380.81343906203585
46.36,0
46.37,138.58307365993295
46.38,138.58307365993295
46.39,138.58307365993295
46.4,138.58307365993295
46.410000000000004,400.5551964504428
46.42,372.6533923336452
46.43,372.6533923336452
46.44,380.81343906203585
46.45,380.81343906203585
46.46,380.81343906203585
46.47,380.81343906203585
46.480000000000004,386.35249808190343
46.49,386.35249808190343
46.5,389.15216754666267
46.51,389.15216754666267
46.52,389.15216754666267
46.53,389.15216754666267
46.54,389.15216754666267
46.550000000000004,389.15216754666267
46.56,389.15216754666267
46.57,389.15216754666267
46.58,389.15216754666267
46.59,389.15216754666267
46.6,389.15216754666267
46.61,389.15216754666267
46.62,389.15216754666267
46.63,389.15216754666267
46.64,389.15216754666267
46.65,389.15216754666267
46.660000000000004,389.15216754666267
46.67,389.15216754666267
46.68,389.15216754666267
46.69,389.15216754666267
46.7,389.15216754666267
46.71,389.15216754666267
46.72,389.15216754666267
46.730000000000004,182.33409928995593
46.74,184.98620983466003
46.75,389.15216754666267
46.76,389.15216754666267
46.77,389.15216754666267
46.78,389.15216754666267
46.79,389.15216754666267
46.800000000000004,389.15216754666267
46.81,389.15216754666267
46.82,0
46.83,0
46.84,0
46.85,389.15216754666267
46.86,389.15216754666267
46.87,389.15216754666267
46.88,389.15216754666267
46.89,389.15216754666267
46.9,389.15216754666267
46.910000000000004,389.15216754666267
46.92,389.15216754666267
46.93,389.15216754666267
46.94,389.15216754666267
46.95,389.15216754666267
46.96,389.15216754666267
46.97,550.3442731713774
46.980000000000004,344.2009452914856
46.99,135.61352416185224
47.0,409.32621313129704
47.01,364.66819857991186
47.02,354.28680284333046
47.03,354.28680284333046
47.04,354.28680284333046
47.050000000000004,354.28680284333046
47.06,233.06801971095814
47.07,233.06801971095814
47.08,0
47.09,0
47.1,0
47.11,0
47.12,0
47.13,0
47.14,0
47.15,0
47.160000000000004,389.15216754666267
47.17,104.57232251706493
47.18,104.57232251706493
47.19,0
47.2,0
47.21,0
47.22,0
47.230000000000004,0
47.24,0
47.25,0
47.26,0
47.27,0
47.28,0
47.29,0
47.300000000000004,389.15216754666267
47.31,389.15216754666267
47.32,389.15216754666267
47.33,389.15216754666267
47.34,389.15216754666267
47.35,389.15216754666267
47.36,0
47.37,0
47.38,0
47.39,389.15216754666267
47.4,389.15216754666267
47.410000000000004,389.15216754666267
47.42,389.15216754666267
47.43,389.15216754666267
47.44,389.15216754666267
47.45,389.15216754666267
47.46,389.15216754666267
47.47,389.15216754666267
47.480000000000004,389.15216754666267
47.49,389.15216754666267
47.5,389.15216754666267
47.51,389.15216754666267
47.52,456.14770531049817
47.53,386.35249808190343
47.54,0
47.550000000000004,0
47.56,550.3442731713774
47.57,275.1721365856887
47.58,334.4022125259431
47.59,271.2270483237044
47.6,279.17460747780154
47.61,275.1721365856887
47.62,443.1620655930713
47.63,339.266204710982
47.64,339.266204710982
47.65,346.69516722885635
47.660000000000004,456.14770531049817
47.67,456.14770531049817
47.68,389.15216754666267
47.69,389.15216754666267
47.7,389.15216754666267
47.71,389.15216754666267
47.72,389.15216754666267
47.730000000000004,389.15216754666267
47.74,389.15216754666267
47.75,389.15216754666267
47.76,389.15216754666267
47.77,221.58103279653565
47.78,0
47.79,0
47.800000000000004,0
47.81,0
47.82,0
47.83,0
47.84,221.58103279653565
47.85,221.58103279653565
47.86,221.58103279653565
47.870000000000005,0
47.88,213.72431641665463
47.89,0
47.9,0
47.910000000000004,389.15216754666267
47.92,221.58103279653565
47.93,221.58103279653565
47.94,221.58103279653565
47.95,221.58103279653565
47.96,0
47.97,0
47.980000000000004,0
47.99,0
48.0,0
48.01,0
48.02,389.15216754666267
48.03,0
48.04,0
48.050000000000004,0
48.06,0
48.07,221.58103279653565
48.08,221.58103279653565
48.09,246.92696535916497
48.1,0
48.11,0
48.120000000000005,0
48.13,0
48.14,389.15216754666267
48.15,116.5340098554791
48.160000000000004,0
48.17,112.40200156718183
48.18,0
48.19,271.2270483237044
48.2,283.2352956496178
48.21,283.2352956496178
48.22,233.06801971095814
48.230000000000004,233.06801971095814
48.24,233.06801971095814
48.25,233.06801971095814
48.26,233.06801971095814
48.27,233.06801971095814
48.28,231.3912632326111
48.29,233.06801971095814
48.300000000000004,0
48.31,0
48.32,0
48.33,0
48.34,0
48.35,0
48.36,0
48.370000000000005,0
48.38,0
48.39,0
48.4,0
48.410000000000004,0
48.42,0
48.43,0
48.44,0
48.45,0
48.46,0
48.47,0
48.480000000000004,0
48.49,0
48.5,0
48.51,0
48.52,0
48.53,0
48.54,0
48.550000000000004,0
48.56,0
48.57,0
48.58,0
48.59,0
48.6,0
48.61,0
48.620000000000005,0
48.63,0
48.64,389.15216754666267
48.65,0
48.660000000000004,0
48.67,0
48.68,0
48.69,0
48.7,0
48.71,0
48.72,0
48.730000000000004,0
48.74,0
48.75,0
48.76,0
48.77,0
48.78,139.58730373890074
48.79,0
48.800000000000004,0
48.81,0
48.82,0
48.83,122.5752518760642
48.84,320.2246557877048
48.85,0
48.86,0
48.870000000000005,0
48.88,0
48.89,0
48.9,0
48.910000000000004,0
48.92,0
48.93,0
48.94,0
48.95,0
48.96,0
48.97,0
48.980000000000004,0
48.99,0
49.0,0
49.01,0
49.02,0
49.03,0
49.04,0
49.050000000000004,0
49.06,0
49.07,389.15216754666267
49.08,0
49.09,0
49.1,0
49.11,0
49.120000000000005,0
49.13,0
49.14,0
49.15,0
49.160000000000004,0
49.17,389.15216754666267
49.18,389.15216754666267
49.19,389.15216754666267
49.2,0
49.21,0
49.22,0
49.230000000000004,0
49.24,0
49.25,0
49.26,0
49.27,0
49.28,236.45807212087942
49.29,0
49.300000000000004,0
49.31,0
49.32,0
49.33,0
49.34,0
49.35,0
49.36,141.61764782480893
49.370000000000005,144.71867051127512
49.38,127.0812388658893
49.39,0
49.4,0
49.410000000000004,0
49.42,150.038671380357
49.43,0
49.44,179.72001152731553
49.45,179.72001152731553
49.46,0
49.47,0
49.480000000000004,0
49.49,0
49.5,0
49.51,0
49.52,0
49.53,0
49.54,0
49.550000000000004,0
49.56,0
49.57,0
49.58,0
49.59,0
49.6,0
49.61,389.15216754666267
49.620000000000005,346.69516722885635
49.63,0
49.64,0
49.65,0
49.660000000000004,0
49.67,389.15216754666267
49.68,389.15216754666267
49.69,389.15216754666267
49.7,389.15216754666267
49.71,0
49.72,0
49.730000000000004,0
49.74,0
49.75,0
49.76,0
49.77,0
49.78,0
49.79,0
49.800000000000004,0
49.81,389.15216754666267
49.82,389.15216754666267
49.83,389.15216754666267
49.84,389.15216754666267
49.85,389.15216754666267
49.86,389.15216754666267
49.870000000000005,0
49.88,0
49.89,0
49.9,0
49.910000000000004,0
49.92,0
49.93,0
49.94,0
49.95,0
49.96,0
49.97,0
49.980000000000004,0
49.99,0
50.0,0
50.01,0
50.02,0
50.03,0
50.04,570.5754707163953
50.050000000000004,0
50.06,386.35249808190343
50.07,0
50.08,0
50.09,0
50.1,0
50.11,0
50.120000000000005,0
50.13,0
50.14,0
50.15,0
50.160000000000004,0
50.17,0
50.18,0
50.19,0
50.2,0
50.21,0
50.22,0
50.230000000000004,0
50.24,0
50.25,0
50.26,0
50.27,0
50.28,0
50.29,0
50.300000000000004,0
50.31,0
50.32,0
50.33,0
50.34,0
50.35,0
50.36,0
50.370000000000005,0
50.38,0
50.39,0
50.4,0
50.410000000000004,0
50.42,0
50.43,0
50.44,389.15216754666267
50.45,389.15216754666267
50.46,389.15216754666267
50.47,389.15216754666267
50.480000000000004,0
50.49,0
50.5,0
50.51,0
50.52,0
50.53,0
50.54,0
50.550000000000004,0
50.56,0
50.57,0
50.58,0
50.59,0
50.6,0
50.61,0
50.620000000000005,0
50.63,0
50.64,0
50.65,0
50.660000000000004,0
50.67,0
50.68,0
50.69,0
50.7,0
50.71,0
50.72,0
50.730000000000004,0
50.74,0
50.75,0
50.76,0
50.77,0
50.78,0
50.79,0
50.800000000000004,0
50.81,0
50.82,0
50.83,0
50.84,0
50.85,0
50.86,0
50.870000000000005,0
50.88,0
50.89,0
50.9,0
50.910000000000004,207.64
50.92,0
50.93,0
50.94,0
50.95,0
50.96,0
50.97,0
50.980000000000004,0
50.99,0
51.0,0
51.01,0
51.02,0
51.03,0
51.04,0
51.050000000000004,0
51.06,0
51.07,0
51.08,0
51.09,0
51.1,0
51.11,0
51.120000000000005,0
51.13,0
51.14,0
51.15,0
51.160000000000004,0
51.17,0
51.18,0
51.19,346.69516722885635
51.2,302.25182688535176
51.21,139.58730373890074
51.22,0
51.230000000000004,456.14770531049817
51.24,456.14770531049817
51.25,456.14770531049817
51.26,456.14770531049817
51.27,456.14770531049817
51.28,456.14770531049817
51.29,456.14770531049817
51.300000000000004,0
51.31,456.14770531049817
51.32,456.14770531049817
51.33,456.14770531049817
51.34,456.14770531049817
51.35,456.14770531049817
51.36,0
51.370000000000005,456.14770531049817
51.38,456.14770531049817
51.39,456.14770531049817
51.4,456.14770531049817
51.410000000000004,456.14770531049817
51.42,456.14770531049817
51.43,456.14770531049817
51.44,456.14770531049817
51.45,456.14770531049817
51.46,456.14770531049817
51.47,456.14770531049817
51.480000000000004,0
51.49,0
51.5,456.14770531049817
51.51,456.14770531049817
51.52,0
51.53,0
51.54,0
51.550000000000004,0
51.56,0
51.57,160.1123278938524
51.58,167.20110626297156
51.59,167.20110626297156
51.6,158.9604350541904
51.61,158.9604350541904
51.620000000000005,158.9604350541904
51.63,156.68145087274914
51.64,228.07385265524908
51.65,228.07385265524908
51.660000000000004,0
51.67,0
51.68,0
51.69,0
51.7,0
51.71,0
51.72,0
51.730000000000004,0
51.74,0
51.75,0
51.76,0
51.77,0
51.78,0
51.79,133.66926000423965
51.800000000000004,133.66926000423965
51.81,0
51.82,0
51.83,0
51.84,0
51.85,0
51.86,0
51.870000000000005,0
51.88,0
51.89,0
51.9,0
51.910000000000004,0
51.92,0
51.93,0
51.94,0
51.95,0
51.96,0
51.97,0
51.980000000000004,0
51.99,0
52.0,0
52.01,0
52.02,0
52.03,0
52.04,0
52.050000000000004,0
52.06,0
52.07,0
52.08,0
52.09,0
52.1,0
52.11,0
52.120000000000005,0
52.13,0
52.14,0
52.15,0
52.160000000000004,0
52.17,0
52.18,0
52.19,0
52.2,0
52.21,0
52.22,0
52.230000000000004,0
52.24,0
52.25,0
52.26,0
52.27,0
52.28,0
52.29,0
52.300000000000004,0
52.31,0
52.32,0
52.33,0
52.34,0
52.35,0
52.36,0
52.370000000000005,0
52.38,306.6481809428776
52.39,291.5347233085324
52.4,287.35504789097007
52.410000000000004,311.1084814426742
52.42,261.61000680017145
52.43,570.5754707163953
52.44,346.69516722885635
52.45,456.14770531049817
52.46,456.14770531049817
52.47,400.5551964504428
52.480000000000004,400.5551964504428
52.49,0
52.5,0
52.51,0
52.52,0
52.53,0
52.54,0
52.550000000000004,0
52.56,0
52.57,0
52.58,0
52.59,0
52.6,0
52.61,0
52.620000000000005,0
52.63,0
52.64,224.80400313436365
52.65,231.3912632326111
52.660000000000004,231.3912632326111
52.67,231.3912632326111
52.68,231.3912632326111
52.69,231.3912632326111
52.7,231.3912632326111
52.71,233.06801971095814
52.72,221.58103279653565
52.730000000000004,221.58103279653565
52.74,221.58103279653565
52.75,0
52.76,0
52.77,0
52.78,0
52.79,0
52.800000000000004,0
52.81,0
52.82,0
52.83,0
52.84,0
52.85,0
52.86,0
52.870000000000005,456.14770531049817
52.88,456.14770531049817
52.89,456.14770531049817
52.9,456.14770531049817
52.910000000000004,456.14770531049817
52.92,456.14770531049817
52.93,456.14770531049817
52.94,456.14770531049817
52.95,421.3203866928548
52.96,0
52.97,0
52.980000000000004,229.72656980903736
52.99,229.72656980903736
53.0,229.72656980903736
53.01,233.06801971095814
53.02,233.06801971095814
53.03,233.06801971095814
53.04,231.3912632326111
53.050000000000004,233.06801971095814
53.06,233.06801971095814
53.07,233.06801971095814
53.08,233.06801971095814
53.09,0
53.1,0
53.11,0
53.120000000000005,0
53.13,0
53.14,0
53.15,0
53.160000000000004,0
53.17,0
53.18,0
53.19,0
53.2,0
53.21,0
53.22,0
53.230000000000004,0
53.24,0
53.25,0
53.26,0
53.27,0
53.28,0
53.29,0
53.300000000000004,0
53.31,0
53.32,0
53.33,0
53.34,0
53.35,0
53.36,0
53.370000000000005,0
53.38,0
53.39,0
53.4,0
53.410000000000004,0
53.42,0
53.43,0
53.44,0
53.45,0
53.46,0
53.47,0
53.480000000000004,0
53.49,0
53.5,0
53.51,0
53.52,0
53.53,0
53.54,0
53.550000000000004,0
53.56,0
53.57,0
53.58,0
53.59,0
53.6,0
53.61,0
53.620000000000005,0
53.63,0
53.64,0
53.65,0
53.660000000000004,163.61833133910076
53.67,0
53.68,0
53.69,389.15216754666267
53.7,389.15216754666267
53.71,389.15216754666267
53.72,456.14770531049817
53.730000000000004,0
53.74,0
53.75,0
53.76,0
53.77,0
53.78,0
53.79,0
53.800000000000004,0
53.81,0
53.82,0
53.83,0
53.84,0
53.85,0
53.86,0
53.870000000000005,0
53.88,0
53.89,0
53.9,0
53.910000000000004,0
53.92,0
53.93,0
53.94,0
53.95,0
53.96,0
53.97,160.1123278938524
53.980000000000004,160.1123278938524
53.99,169.63310235549096
54.0,161.27256782386812
54.01,161.27256782386812
54.02,175.8689822787104
54.03,175.8689822787104
54.04,0
54.050000000000004,0
54.06,0
54.07,0
54.08,0
54.09,0
54.1,0
54.11,0
54.120000000000005,0
54.13,0
54.14,0
54.15,0
54.160000000000004,0
54.17,0
54.18,0
54.19,134.6378825638678
54.2,133.66926000423965
54.21,0
54.22,0
54.230000000000004,0
54.24,0
54.25,0
54.26,0
54.27,0
54.28,0
54.29,0
54.300000000000004,0
54.31,0
54.32,0
54.33,0
54.34,0
54.35,0
54.36,0
54.370000000000005,0
54.38,0
54.39,0
54.4,0
54.410000000000004,0
54.42,0
54.43,0
54.44,124.35814996965287
54.45,124.35814996965287
54.46,0
54.47,0
54.480000000000004,0
54.49,0
54.5,0
54.51,0
54.52,0
54.53,0
54.54,0
54.550000000000004,0
54.56,124.35814996965287
54.57,0
54.58,124.35814996965287
54.59,124.35814996965287
54.6,0
54.61,0
54.620000000000005,0
54.63,0
54.64,0
54.65,0
54.660000000000004,0
54.67,0
54.68,0
54.69,0
54.7,0
54.71,0
54.72,0
54.730000000000004,0
54.74,0
54.75,0
54.76,0
54.77,0
54.78,0
54.79,0
54.800000000000004,279.17460747780154
54.81,279.17460747780154
54.82,275.1721365856887
54.83,279.17460747780154
54.84,233.06801971095814
54.85,201.72889226113472
54.86,386.35249808190343
54.870000000000005,190.40671953101793
54.88,190.40671953101793
54.89,0
54.9,190.40671953101793
54.910000000000004,190.40671953101793
54.92,0
54.93,0
54.94,0
54.95,190.40671953101793
54.96,190.40671953101793
54.97,190.40671953101793
54.980000000000004,190.40671953101793
54.99,190.40671953101793
55.0,190.40671953101793
55.01,190.40671953101793
55.02,190.40671953101793
55.03,190.40671953101793
55.04,191.78648511090285
55.050000000000004,231.3912632326111
55.06,231.3912632326111
55.07,231.3912632326111
55.08,190.40671953101793
55.09,231.3912632326111
55.1,190.40671953101793
55.11,191.78648511090285
55.120000000000005,261.61000680017145
55.13,221.58103279653565
55.14,221.58103279653565
55.15,0
55.160000000000004,163.61833133910076
55.17,163.61833133910076
55.18,163.61833133910076
55.19,163.61833133910076
55.2,163.61833133910076
55.21,163.61833133910076
55.22,163.61833133910076
55.230000000000004,163.61833133910076
55.24,163.61833133910076
55.25,163.61833133910076
55.26,163.61833133910076
55.27,163.61833133910076
55.28,163.61833133910076
55.29,163.61833133910076
55.300000000000004,163.61833133910076
55.31,163.61833133910076
55.32,0
55.33,0
55.34,0
55.35,0
55.36,0
55.370000000000005,219.98691691276406
55.38,0
55.39,0
55.4,231.3912632326111
55.410000000000004,231.3912632326111
55.42,233.06801971095814
55.43,351.73796455742075
55.44,0
55.45,0
55.46,0
55.47,0
55.480000000000004,0
55.49,0
55.5,0
55.51,0
55.52,0
55.53,0
55.54,0
55.550000000000004,354.28680284333046
55.56,213.72431641665463
